1.405841368968363259e-01
3.431156107731677674e-01
1.153204425462682536e+00
1.814513262731304755e+00
2.186098399967602912e+00
6.241928922554622616e-01
-1.910395189143618000e-01
3.629336681805248599e-01
4.285706369823841788e-01
7.371286623155655360e-02
3.483860824507546195e-04
-1.148341436992616967e-04
-2.012665802244967251e-04
1.345482817133494824e-03
-8.707576106479516902e-04
-7.824813331611391032e-04
2.008097615920321176e-03
-1.125277129802550267e-03
-1.125162176279092098e-03
2.189010748282916880e-03
-2.747871476837715401e-04
-1.326204523516208563e-03
-1.272805375378624829e-02
2.742537289308313603e-03
7.846685833574682314e-03
-6.543505873892197780e-04
1.130438893177822084e-02
3.601694966139094411e-03
2.074785524833235723e-02
-5.264069324289714566e-03
2.319854195531296376e-02
-4.068245820100322026e-04
4.928906238296367707e-04
2.480494900514117998e-04
-5.798631507544842146e-04
-3.554105286144260091e-04
1.079772693935964465e-04
2.170069725980361929e-03
-9.018748953036492431e-04
-1.317212795400635010e-03
-3.028479716678438103e-03
-3.604156131554808675e-04
8.009465653428688228e-03
-1.523746310603627538e-03
-6.351459812708964633e-03
-6.997345370155697193e-03
-5.567196586123246242e-03
2.859838279866844073e-03
8.776285971298062802e-03
-1.829715149839100316e-03
3.571149927472829465e-03
-2.064885371799777842e-03
1.858176397288247668e-03
-6.254477100151484802e-03
4.215019193148023154e-03
5.376113165161781893e-03
-7.202805972035088329e-03
-7.366830351489727507e-03
1.561562748822815927e-02
-1.580740627153153638e-02
-1.115848457193317723e-03
-5.588441029728792109e-04
1.838222845832475014e-02
-1.307787895096574476e-02
-1.176074435885784801e-02
2.704781618217847947e-02
-3.009893652227979555e-02
-4.662307514384855106e-03
1.941628664809577978e-03
2.769550276166930433e-02
1.645334428807509065e-03
-4.572635440036466707e-03
8.146794991914464365e-03
-7.679906714045997909e-03
-3.115890032022961605e-03
3.060438570148459655e-03
8.008880488216435500e-03
-3.038648681405618258e-03
-2.150917014379102963e-03
-3.015252481505500352e-03
-3.462267964729283214e-03
3.829109596953948758e-03
-1.922308408430356552e-03
-3.479545290083238367e-03
5.558984508092424358e-03
-5.056805920501315733e-04
-3.267891280559682456e-03
-1.762119172034868264e-03
-2.711906938828172794e-03
-3.063023081677752456e-03
4.317551789553133144e-03
-2.841141827106155419e-03
-4.147016302041803791e-03
6.286204159705756529e-03
3.722318209223787343e-04
-1.049438473437293252e-03
-7.724424703968671034e-04
1.461114792586512762e-04
8.297149304998070122e-05
1.266257454372130865e-03
-4.096738837324196466e-04
3.223737039842605192e-04
-3.363925631351073124e-04
-3.955526132730178147e-05
5.275348336213726364e-04
8.253662278520495230e-04
1.400968347531415248e-01
3.445064008697315550e-01
1.151530196628399727e+00
1.818390220781262556e+00
2.183596650284294505e+00
6.275030788200528509e-01
-2.061277779805118782e-01
3.958827757671574687e-01
3.998076542551058377e-01
2.910369127056584848e-02
-6.994852848813014530e-05
-2.530567231960594184e-05
2.865404638157702935e-06
7.966456708731006840e-05
-4.321481508501294223e-05
-5.304592124542420765e-04
-3.329730840429470521e-04
1.784354412020463414e-05
-8.155934816205921310e-04
5.561437044948171291e-04
-6.513454020895450419e-04
1.327043126092232982e-03
-1.310753985311528770e-03
1.937359631905238898e-03
-2.904251993336549788e-03
2.955590856706111994e-03
-1.014706292251376296e-03
1.899390292108615007e-03
1.282193964804248260e-03
-1.325929670777111586e-04
-9.744055398881715149e-04
-6.318326055586713269e-05
-6.086616400156723283e-04
-3.448525280789871932e-05
6.777260790060919476e-04
-2.299477633850312535e-04
3.837756153280000239e-04
-3.492764394793100753e-04
-2.053967800129206239e-03
1.887362136801264394e-03
-8.459567055431283997e-04
7.934683754823044013e-04
-1.214136934691535750e-03
-4.760257409638420784e-03
5.265483497519488770e-03
-5.549048292661897322e-04
-4.350108905151874560e-03
-2.676224974093264868e-03
4.949334743442585817e-03
2.370485686066300805e-04
-1.067723869525169121e-03
-7.080360863095161699e-04
1.353404303400279618e-03
7.060714559946142024e-04
-1.436194512703051901e-03
1.118899937290142630e-04
-1.780252238152722419e-02
2.606283336158533338e-03
-1.188220591337465701e-02
1.823710485195566278e-02
-3.534001405458680675e-03
-9.902934830718281012e-03
-9.348448226716689347e-03
-2.052399632261037166e-02
4.793637317018511167e-03
-1.822597636571961222e-02
2.682449521532869613e-02
-3.519249786448306553e-03
-1.315677749695740202e-02
-1.058436929318529174e-02
-1.079572770484502802e-03
3.406735786987168287e-03
-1.852993559602338037e-03
5.210860275704705911e-03
-1.936018878433193877e-03
-2.657308464002680181e-03
-4.254395146276610841e-03
-1.792944675866939112e-03
5.006122716332617358e-03
-3.153474015218242000e-04
-4.623222186263266711e-03
3.120563902382301070e-03
-3.635601311234055045e-04
1.989617832430730197e-03
2.499255585019444486e-03
2.201420904407997217e-03
-7.539029286830072106e-04
3.256456679077568937e-03
-7.874548039780461788e-04
-3.367795707741802914e-03
2.607657381282784195e-03
8.217507852800365786e-05
1.607946525362771804e-03
1.654563188911267442e-03
1.310628423813049205e-03
3.804058474045089776e-04
4.140241305176186909e-05
7.806643100431919717e-05
-1.323209061382314049e-04
-8.870733022352904470e-04
8.065247160011349871e-04
-2.178806628538897724e-04
-6.562000744565777430e-04
2.115391549727469649e-04
-1.023919700451905794e-04
-2.501363693852524527e-04
1.402101271456102083e-01
3.442300372236452022e-01
1.151967719468067752e+00
1.817727013868025265e+00
2.184320898849005932e+00
6.269794497403318179e-01
-2.042393829155035589e-01
3.903023604338676233e-01
4.215198022556835844e-01
-3.115651837052863318e-02
3.714568016642728768e-05
-9.728851733895948031e-05
1.357693660411804330e-04
4.127201582119168128e-04
-3.400424180868086440e-04
6.213080614358030542e-04
8.948777546911552494e-04
-8.678590287279866911e-04
1.183635263402731423e-03
-1.712036664505563969e-03
6.692447546718700716e-04
-5.783784910644736415e-04
3.571684786723944120e-03
3.457545920823395743e-04
-7.459933519941290732e-04
-1.764714109879887704e-04
3.344416040470305396e-04
-2.909691732218671386e-03
2.511353875486498771e-02
-5.173256216269306491e-03
3.224033176741763866e-03
-7.024929817148837922e-05
-7.147703280619563328e-05
1.305260323800172908e-04
6.355045588759253078e-04
2.436049390711911365e-04
6.809506079322623015e-04
3.058245243267716210e-04
1.038583531961391427e-03
1.056800414516057213e-03
-7.076488200059220628e-04
3.382874589839975597e-03
-5.398315733964993647e-05
3.101330390149868374e-03
1.424264330699627360e-03
-4.754144660374310868e-03
-7.567991985350013212e-04
3.041302465762090856e-03
-3.601820697225236682e-03
6.924119222765187653e-03
6.236255896259146336e-03
4.690385671692703343e-04
1.004517006347719135e-03
2.088757910743807740e-03
-1.662429413475511632e-03
-1.300966388412448660e-03
7.449852528557392162e-03
1.138191667304653404e-02
-1.042786684726263770e-02
-9.464288315044797062e-03
1.203900920703631500e-02
-1.767278944745857491e-02
-1.172151097244384516e-02
1.141136978393418079e-02
1.519801521431976381e-02
-1.304569078014221339e-02
-7.415739805020764644e-03
1.640852631383188723e-02
-2.369747040853590128e-02
-1.874374039145474541e-02
2.311493943929784564e-03
2.556232903554562738e-04
-2.997117506749872630e-03
2.647510484414603103e-03
1.314204469107246994e-03
9.379855878720579033e-04
-4.179775203176032579e-03
-4.316226257617287142e-03
2.033895035907071561e-03
-1.018622154681188057e-03
6.537094982040950967e-04
-1.450644538723368931e-03
-5.997272068852191849e-03
-2.480889588536886771e-03
-1.265799205923116627e-03
2.135899820873812197e-03
-2.354108883937978090e-03
8.247093607423911128e-04
-8.223291796521309607e-04
6.683354674104131530e-04
-1.450008075054367695e-03
-3.734252714872896527e-03
-2.046539289007984208e-03
-1.104229887635348011e-04
1.038428407338020396e-03
7.087025447331026656e-04
8.035387509592531322e-04
-3.313162275142426992e-04
-7.852450118451261517e-05
-1.878062713685527889e-04
-3.825398490334812069e-04
-5.068339335460349000e-04
8.115497757010450147e-04
-7.252032090385835710e-06
-7.365150715854493517e-04
-3.890134609467088187e-04
4.212624883252324287e-02
1.270704967701195842e-01
9.231504203475467130e-02
1.483469054394186831e-02
1.000825547850357940e-02
1.391894455754625823e-02
-1.236439862898941087e-03
1.551691052612698928e-02
1.867261268164185917e-02
-1.954664570552279088e-03
4.068934666686246752e-03
8.406426290782580135e-03
-2.569685705395829359e-03
4.970170829440963278e-03
-5.427146150849645372e-04
-2.864191327521549684e-03
-3.095474427431943432e-04
-1.765806164238342517e-03
4.574579778513944775e-03
-8.143269032018827331e-04
-2.768849526134477441e-03
-1.264057649344361121e-03
-6.679396788494808496e-04
1.860981916919143527e-03
-8.945403642814190323e-04
-2.054735966355069124e-04
-1.011667276987560657e-03
-1.277313690117356680e-03
4.271676548252922954e-04
9.473389804712934581e-06
-8.595406906225419022e-04
2.761710935566326244e-04
-4.571438603819668136e-04
6.377087967904444561e-05
-1.097705031979090418e-03
2.119907674679837853e-04
-1.012035245049181355e-03
1.939967652924008115e-04
-6.456457989240312631e-05
-3.041378416231620640e-04
-3.555897067676393273e-04
-4.207203043842277536e-04
1.088579380232821785e-05
-4.055657253319441217e-04
8.573614922433507146e-05
-2.734869615055590133e-04
-1.447250576217922738e-04
-3.647109690280276158e-05
-1.493679402046541168e-04
1.366683449031654083e-04
2.516004836116259415e-04
4.060990635180430214e-02
1.274752644992170891e-01
7.279288082654181147e-02
-2.319209643949768102e-03
7.359002892415714148e-03
-1.387151041712386332e-02
-1.079431589938357333e-02
7.981255913784412320e-03
-1.664563297199780217e-02
-1.199966966273809284e-02
1.350382384392738791e-03
6.073054702026547610e-03
-2.557417822185183414e-03
-3.286478285729081683e-03
4.943870523555002686e-03
-3.430892028314562556e-05
-2.502939998460824468e-03
-2.571390743909400447e-03
-7.259347203955274306e-04
1.917679354549384034e-03
3.905534246968207063e-04
-1.041186259784260878e-03
-2.987799665468133365e-04
1.417350432107020467e-03
-5.971902974387237632e-04
3.002812106284467441e-03
-1.230912556440553812e-03
1.501936283330413324e-03
1.329959854106310875e-04
8.437300048159181729e-04
-3.903244349665352820e-04
8.912513995451967546e-04
3.757269808369774613e-05
4.958141241188824015e-04
-9.180231554576420011e-04
-4.970890951534521008e-07
-4.714081274163359290e-04
-1.060118465180761346e-04
-1.239891627845758149e-03
5.767429952669275630e-04
-6.395542800242465980e-05
1.342624778999106268e-03
-5.351367947139846907e-04
-2.367452727268125800e-04
1.323566169086888241e-04
1.850143631797712511e-04
5.443378119666251102e-04
-2.675482231767387477e-04
1.335335995194988749e-04
-4.563263544718791035e-04
2.409684428534757746e-04
4.116447672231730165e-02
1.251159262713063269e-01
9.574642079048753529e-02
1.838623007835142251e-02
1.479396065683380966e-02
3.151000968128602180e-03
7.705421907847740184e-03
2.237488121472546582e-02
6.744737025325309339e-03
1.193728421967807721e-02
1.021599237813117754e-02
-4.611383198947658843e-03
4.264087826624999092e-03
2.142980764491413375e-03
1.296066773426325170e-03
-9.762663798925574551e-04
4.157155305857631808e-03
3.419559198045221682e-03
1.236583452913840630e-03
5.171024902901090459e-04
-1.221273914200122004e-03
4.113648147121440161e-03
3.751624493219550983e-03
-1.808943535159146954e-03
-5.147945720158295102e-04
5.025094960255464252e-04
1.382057916103327866e-03
9.585324906441420722e-04
7.794894346958012362e-04
5.258982559551048878e-04
1.198354959486760821e-04
-8.320782614909718721e-04
-1.059754653297917084e-04
9.148321675577574625e-04
5.753020614696125780e-04
-7.463479287361372188e-04
-2.203180996533600543e-04
-2.840730908476606412e-04
2.224442264546936201e-04
2.441896305060213242e-04
2.690181230361835007e-04
2.229137980719282164e-04
-3.246115418274837989e-04
-2.465330093975879656e-04
-2.036222125078749679e-04
-9.402016566048374154e-05
3.252824820271757499e-04
2.503417356991330779e-04
-8.606074604723115348e-05
-2.795583993444302005e-04
-8.466289487736660898e-05
4.102434194170956339e-02
1.240960877818550745e-01
9.360875512678142052e-02
2.030429514183261161e-02
-2.615710732675099667e-03
-1.698137553248371331e-02
8.218233211980162725e-04
-2.760855088463888985e-03
-2.498879243109508597e-02
1.304510985301314324e-03
-2.443963538818729928e-04
-1.266099747605637510e-02
-1.683610167253331508e-03
1.567803082151353637e-03
-5.753910423279536088e-04
-2.783246514329291467e-03
-2.399469266237405163e-04
-4.565288058710842423e-03
1.051394581160812166e-03
-6.300949282944564829e-04
-3.197382365794437624e-03
3.898152780427709975e-04
-5.362291780714196349e-03
-2.729735525446778488e-04
1.292669231609945937e-04
-5.843461989602876088e-04
-4.631730990052145003e-04
-1.532626503582254713e-03
8.301589577543840503e-04
-3.930815110226596398e-05
9.404435638112678634e-04
-1.846155602125499674e-04
1.495388926816599055e-04
-1.626061052235663320e-04
5.660559906307791088e-04
6.754436897247504757e-04
1.154243050135987403e-04
1.031060452460318545e-04
2.808045466547547781e-04
-1.064503165309757490e-05
8.239816491309947220e-06
-3.159233255745581620e-04
3.105516575243555486e-04
-5.418505595164596237e-05
2.480868357421001343e-05
-3.032067139074628602e-04
-1.877822740636325455e-04
-1.187651149007336272e-04
-2.613938927510167849e-04
1.675307465117057063e-05
-2.673122811183172823e-04
4.114173107919291000e-02
1.252984532164657661e-01
9.458083504568587374e-02
1.873045695344476014e-02
-7.416192504019052459e-03
-1.374654527540853863e-02
-7.048210308949896981e-03
-1.096943857031098916e-02
-1.965717316017863425e-02
-1.176715660724966805e-02
-4.884381017032004418e-03
-5.387658711695172443e-03
-1.111270159182170406e-03
3.595963946111783733e-03
3.547793050462816691e-03
-1.311276051507633119e-03
1.841352601887861259e-03
-2.217199825754514672e-03
3.469834361713412460e-03
2.942901554102796569e-03
-9.875534444459335703e-04
2.212876809500753661e-03
-1.771019667431171290e-03
6.196192275189245629e-04
-7.322938360050397890e-04
-2.670934837550232753e-04
1.493148451397902641e-04
7.925622571302352003e-04
8.111155527376256102e-05
-8.637231814899160292e-04
3.607702363453064613e-05
5.887480912536055240e-04
-8.134721618760867336e-06
6.872837228160623337e-04
8.817420646740013182e-04
-8.089990179299749392e-05
-2.748123915641173228e-05
-3.533481924926690253e-06
1.718871034614769577e-05
4.009168983104094923e-05
-4.840647465080122314e-04
1.799210806670362703e-04
4.416701969096517120e-06
3.978437304534202358e-05
-1.425851629302253597e-04
3.116202069629707698e-04
7.672309352993794880e-05
1.262229713129992415e-04
1.497846468436926405e-05
3.961055182651876589e-04
2.772651109069390780e-04
4.155950156545718671e-02
1.258720655456572191e-01
9.485147094127541201e-02
1.711622553593675211e-02
-1.240784984853948725e-02
7.742250850608545405e-03
5.949771850973909794e-03
-1.942445168927691215e-02
1.194687900246283428e-02
1.158607731578748488e-02
-5.529310912574709330e-03
4.750910933142225498e-03
2.606976087232391014e-03
-3.785254324384659808e-03
1.540971522483179472e-03
-1.466811127067747756e-03
-2.762067324846966161e-03
1.820289389617920283e-03
-3.485132425969878888e-03
3.035139231790084154e-03
-1.155359289990515658e-03
-4.021005357081974471e-03
1.786358311586589689e-03
-8.757129120407981977e-04
4.052615922377962067e-04
-3.297809435433047436e-04
-4.016576939584640235e-04
7.248228249183243706e-04
8.408756178001662107e-04
-7.504969055480225455e-04
-2.724735396365905789e-05
-5.599471992062277775e-04
1.034225404944176416e-04
3.255736876161913706e-04
2.630186590029295998e-04
2.098437646056456197e-04
-8.421830612751608726e-04
7.373706289090459036e-05
-5.051746728381452780e-04
-4.546033622397181587e-05
2.665617638515902269e-04
-4.381236247245286794e-04
7.525611093593970061e-05
-1.411496612134834614e-04
2.171455018225759069e-05
3.154673528587180004e-05
-6.269863000492565763e-05
-1.789351900100923435e-04
-6.541605592456129924e-05
8.665129077787094621e-05
2.635746972518889105e-04
4.119195521488022704e-02
1.251630747399054000e-01
1.001815790030256281e-01
1.944556008819120149e-02
-6.192915788468260525e-03
3.191735121764839329e-03
1.404748776535564257e-02
-1.187465316195890179e-02
6.639987084973050270e-03
2.402583770850791681e-02
-1.869481444726781971e-03
4.140945738215471433e-03
6.433251870669417713e-03
-8.250689745931663512e-04
1.684865548783617091e-03
4.103637995588021135e-03
-3.238150498587430426e-03
7.538044352763448698e-04
-1.498841614044115356e-03
3.004729216809855046e-03
3.014164290406808142e-03
-4.934010448613767620e-03
3.005353166670603530e-04
-5.585990931379469088e-04
6.112470497395783254e-04
3.584816061049639737e-04
4.481749786594148148e-04
1.118910906445216364e-04
2.212793644017440296e-04
-4.557567259693460311e-04
5.373573107278064665e-04
6.414110406032999534e-04
-8.775483525856755214e-04
2.607352764549404319e-04
2.017988375907032043e-05
1.401820602423730447e-05
-4.415112834083862316e-04
3.192337683490580817e-04
-6.393934388247762488e-04
-7.848889908431116308e-04
-1.273021924322598090e-05
3.288571991187796235e-05
1.123400909836567508e-04
-2.524281234986464591e-05
5.058061243144700020e-05
-3.193793526514844636e-04
-2.701295989302910793e-04
2.959681642468582163e-04
-1.260441557970253066e-04
5.084246540383754429e-05
3.485565397167231108e-05
4.103200977524355808e-02
1.242263652600858193e-01
1.006686359774086326e-01
2.292233439712709417e-02
2.524782153825268541e-04
1.273830691607486312e-02
-9.911591542460835777e-03
4.757365741510647316e-04
2.153500503167358332e-02
-1.591067686781060322e-02
-2.281654451299155745e-03
5.059608949646662683e-03
-6.121169086558376007e-03
1.124585521790346060e-04
-5.046651384985840171e-03
2.464751093768920522e-04
-2.328944644430309464e-04
-3.264434360435747740e-03
-4.502152515926115023e-04
-4.436848447286034780e-03
5.948538825286570379e-04
5.944611923028390301e-04
-3.178793032902114696e-03
-1.010549842314186191e-03
4.497110746686599179e-04
2.199728617866155398e-04
8.169614976824074925e-04
5.196633045663101753e-04
-7.108741570482681729e-04
-1.504817051529617903e-04
7.560162567055300764e-04
5.710315873060511785e-04
4.769867570536185145e-05
1.343500727298624613e-03
-4.303967915406134060e-06
1.478980995021807860e-04
6.153436975314300434e-04
-2.654278009446901744e-04
-3.150012245051525615e-04
-1.300475671635890125e-04
-4.776054152027491679e-04
6.900566661710757761e-05
-2.522428158313185865e-04
-3.668723069196601718e-04
-5.221149629861312448e-06
-1.452111177614578009e-04
2.736605698166364267e-04
-7.456156551184592188e-05
3.801176501724009638e-04
-4.327397191633334768e-05
-1.079815252635881129e-04
1.402081817993786894e-01
3.443332260795421984e-01
1.152102141596692997e+00
1.818188418424040442e+00
2.185035168585212961e+00
6.263074339117783440e-01
-2.051604393572599994e-01
3.936324302104992068e-01
3.908826612152452862e-01
4.575920928782505059e-02
-1.106462242141940022e-04
-1.710686611940807379e-04
1.195933903062069016e-04
1.899974254514504002e-04
-3.536553338956475957e-04
1.746376814406141705e-03
-5.380912077122681570e-04
-1.325831154681999602e-03
2.221993439195843120e-03
1.209235145290498076e-03
1.638356604930643005e-03
-1.236850850858717960e-03
-1.803120787190045640e-03
-1.422339812329434950e-03
-2.489403044655745956e-03
2.651284777533811921e-03
2.751008981991129570e-03
7.445153642091010930e-04
-7.715798214085171740e-03
-9.219131247173223062e-03
-8.058934106636307659e-03
-7.632832779806224515e-05
-5.709110304223135495e-04
7.610953508157611421e-04
-1.004068984950189059e-04
-1.036820588703653436e-04
1.110388819742147990e-03
-4.449409302243130027e-04
-3.465441620478865647e-04
-2.508210525001492775e-04
-3.207089478363567037e-05
-1.225307056608168372e-03
-3.108327187898230533e-04
-1.836963936476610501e-03
-2.030794848591126883e-03
-9.183923904720515822e-04
1.866248098465822991e-03
-6.392690877772813987e-03
1.249462506461626599e-02
5.154636155653012815e-03
-6.987646144572531382e-04
-4.955194902964431963e-03
-1.247647068872622615e-03
3.197434933733274160e-03
-1.285174063643511506e-03
-1.148515192336219343e-03
1.431091684776792522e-02
5.687894304468062504e-03
1.137497488769092374e-02
-1.690801289266707919e-02
-3.338178900775360790e-03
8.783599156086062051e-03
-1.289351187235129176e-02
1.841826623498995369e-02
9.530806673340828580e-03
2.029840277919026451e-02
-2.904290575222641738e-02
-4.578159784940362756e-03
1.153749512193176334e-02
-1.386038783022821436e-02
3.098778251913828722e-03
-1.789166383212180758e-03
5.315980120614751357e-03
-5.645231488999997299e-03
-2.517118789269489655e-03
1.868705082352510897e-03
-1.745192896729673166e-03
2.179647158197282799e-03
4.228300870659411695e-03
3.996039080887450306e-05
-4.072480829249634955e-03
2.855229536760280681e-03
1.163822151262207524e-03
2.149193806392783908e-03
-4.480572624044701704e-03
1.560562770107903159e-03
1.447492330502679787e-03
3.594414672845080202e-03
7.363969342055331916e-04
-3.093224053950795974e-03
2.122836612268384337e-03
2.343368585254042031e-03
1.990698127752585367e-03
-2.648290287795477746e-03
3.332462870218189620e-03
-3.779659815660095339e-04
3.458058247542968402e-04
4.209052815045993172e-04
1.105449471196036501e-03
1.427395332336290788e-03
-1.225940897087332603e-03
-5.611594433849065745e-04
8.496597223470786411e-04
2.063734609541926330e-04
6.798651999046738522e-04
-1.696603186564661484e-04
1.430468653240992705e-01
3.383201053673648984e-01
1.164153171371021811e+00
1.805944082019964592e+00
2.207893539035857167e+00
6.112355170476719834e-01
-1.803945996411461250e-01
3.442770652671852671e-01
3.467109342730784749e-01
1.261408049440523871e-01
2.339295784469755022e-04
-3.123289535800940196e-04
7.798475901322269015e-04
-2.368643167983246482e-04
3.680610456701891866e-04
-1.810619030219318278e-04
9.488097336441322091e-04
-1.291025725191397282e-03
3.587917721513985206e-03
-5.783787477295646235e-04
9.975789975706003936e-04
-4.540203664784590366e-04
6.145626949122414947e-04
-3.282938903633356078e-03
2.405418782557392030e-03
-2.977744725470718706e-03
1.213720971457796748e-02
-2.167931173409724105e-02
-2.753315536356590321e-03
2.213154500121783039e-02
-4.671214476309918512e-02
3.410135337089843788e-03
-1.192180590992475593e-03
1.354922006006266822e-03
1.268973778972148133e-03
-1.676006688939520625e-04
7.428335243711658813e-03
-2.089037206912352888e-03
2.429262510098324432e-03
2.870710529158624312e-03
-3.000462509143809542e-04
3.753294556176774849e-02
-9.202901360278629289e-03
8.164077731705713867e-03
1.265056330633266245e-02
-1.493162916590496346e-03
6.223941774384960518e-02
-1.134520293671590664e-02
-4.727898244977663499e-03
1.672040090299628176e-02
-2.059895844866519148e-03
2.441147392836396160e-02
2.323429139443056613e-03
-8.636431823125860843e-03
6.461837767114952079e-03
2.295310544681803625e-03
-2.771549553984607641e-03
-1.825729205227069954e-02
-1.103543893350167338e-02
2.049377426145461770e-02
-9.001802374041287897e-04
-2.098432700404529415e-03
-5.919774506909977578e-03
-7.444167932765819243e-03
-4.320955575867700682e-02
-2.354425614857311166e-02
4.611065720903756437e-02
-1.984644305754687012e-03
-4.206358498788307851e-03
-1.633772810320780269e-02
-5.590440000587505211e-03
-2.834596084635254351e-02
-1.068320678310530868e-02
2.526393781380611644e-02
-5.145039963443195571e-03
-2.946926338839899601e-03
-1.128860024631827240e-02
-6.829933702848716781e-04
2.526994582484525312e-03
2.548020308540431718e-03
-1.892763238915093924e-04
-1.064453786925493445e-03
1.857754540165587696e-03
4.327130464791853438e-04
2.909617558581629061e-03
-3.378518544779585218e-03
-2.118667957177651506e-04
3.223930234819834435e-03
-1.297633381111933375e-04
-2.586847224420115929e-03
1.569584563052705542e-03
4.356535007854769274e-04
-2.416980852188987939e-04
2.033858470162371642e-03
-5.013673553193921835e-03
-1.906561805064060314e-03
-1.606450651945967687e-04
-1.376218483421303655e-03
2.113371666683704943e-03
-7.821496861475693129e-04
-6.015452628993931067e-04
2.051253667661831048e-03
-6.674121536771756256e-04
3.929821310271415014e-04
3.685012182089740518e-03
1.040945594104510964e-03
3.304288316917182167e-01
6.866041299388743191e-01
2.236331497972492866e+00
3.791533041926312020e+00
2.643448218352979051e+00
-6.282198424300711008e-03
6.706185522973490132e-02
9.511180524716754681e-01
5.711084711922811419e-01
1.008986910918037855e-01
-3.734495009151435688e-03
-5.513911611011204986e-03
2.867337726999174153e-03
-8.084214838922545304e-03
-1.145416541398551306e-02
7.226048177683184678e-03
-1.303068979458974104e-02
-1.911202863243507272e-02
9.854108302164063179e-03
2.381314558727765443e-02
3.398233063588430164e-02
-1.761327270598126576e-02
1.287616132424325432e-02
1.982152809624957226e-02
-1.386665005913748777e-02
4.598671162068191688e-03
7.733151993405179905e-03
-4.616811848603436831e-03
1.406658163797470072e-02
1.007948511373457819e-02
-1.372661207250263022e-03
7.609966040789657802e-04
3.132755523667989268e-03
7.872235738169228864e-03
8.936779942996880832e-03
2.393903344286089398e-03
-3.677158946289398218e-03
1.176387774434433167e-02
2.511493246457214765e-02
2.800392713445971557e-02
8.024495248314084117e-03
1.145524302264756128e-02
2.409377074591214155e-03
1.597744146058214729e-02
1.829367159911156338e-02
3.999835158613703097e-03
6.129290470417419340e-03
-1.281320296385769081e-03
3.612446393049857478e-03
5.086110703155012971e-03
-1.012139600995909080e-03
8.309772850263635099e-04
-2.574337296731692929e-03
4.846188962505205283e-03
1.960461124029071450e-03
-1.502342679109341939e-03
-1.350346664090234725e-03
3.857064230775090335e-03
1.135944359904092699e-03
-2.919438483013746949e-03
5.354031513841162309e-04
-9.366308661865361618e-04
3.440162869351070379e-03
-1.400624285198837256e-03
7.698090318932657508e-03
5.124686904257168968e-03
-7.813092672071543163e-03
1.950327659240187793e-03
-1.259165206695053729e-04
6.007920028660083782e-03
-2.174970821316671711e-04
6.637941708322168781e-03
1.458454609760143940e-03
-5.280387208419929854e-03
-5.018115027224092576e-06
-2.134924789472269959e-03
4.999858577704334277e-03
-4.851161948368851867e-04
-8.683510953763890318e-04
-3.153627546664340741e-04
1.633054360772744898e-03
-5.424561041864650363e-05
1.181249550626576337e-03
5.665193191633846603e-04
1.089847209237074189e-03
-6.618538809030992788e-04
-1.780227878293805851e-03
-1.227725811438071723e-03
4.100113451053248256e-05
3.238792912514859568e-03
-3.183599738646113414e-04
2.128637186803913114e-03
6.523937368537360403e-04
2.958285886410980375e-03
-1.244379896074116918e-03
2.697203818756037700e-04
-4.321514268118561790e-04
-4.729817161554367958e-04
-1.074277008889553591e-03
3.335735753907002410e-04
8.406886016527137864e-04
4.750738932241014103e-04
3.499590857871920217e-04
7.515463430618455503e-05
-6.661804852302173835e-04
-2.404579931903377441e-04
3.301156633384056960e-01
6.873356567859995048e-01
2.235137030096094879e+00
3.792830728522287753e+00
2.641542039306616019e+00
-4.002342417128945846e-03
6.533018213671748509e-02
9.515025781464104826e-01
5.678924054563775359e-01
1.162408074801794255e-01
4.865250846995868191e-03
2.889985410613878265e-03
4.390640428547713282e-03
1.057190747186973444e-02
7.663396746303586908e-03
9.667811295176900396e-03
1.677879887292779357e-02
9.893644082850459182e-03
1.515950709837587430e-02
-3.002060938804926304e-02
-1.873105057522937017e-02
-2.668292372461106982e-02
-1.908876971205999626e-02
-1.341289703280810174e-02
-1.805231697746623870e-02
-4.129225284446601946e-03
5.584137735500782759e-04
-7.257685989307615694e-03
-3.662274690100664198e-03
-1.440142412087133672e-02
1.571867953972812867e-03
2.244434219277230500e-03
-9.374367857053948414e-03
4.109695030207147562e-03
-5.067370692592669708e-03
-3.186957220792443167e-03
1.736069894750994023e-03
-3.008372196455143602e-02
1.261950344824041940e-02
-1.835289684255289946e-02
-9.595053290616691391e-03
1.318926979250137702e-02
-1.784729551790038143e-02
9.401513272262358722e-03
-5.296672519228089876e-03
-6.225108417864637887e-03
8.344843148166115887e-03
-3.879455264416470026e-03
1.640627689165364287e-03
2.704586891752060792e-03
1.152450864315892037e-03
1.553180794112695232e-03
-4.121755830896038988e-03
5.113514780191558487e-03
2.740011644308582711e-03
1.734117553815718409e-03
2.434269956405810641e-03
4.385203209292745305e-03
1.014741933961818034e-03
-2.785862548857828604e-03
1.150390664667093549e-03
1.183288822808040890e-03
-6.097951579795952244e-04
4.539039134031442116e-03
9.716743932907723202e-03
2.920819352439338410e-03
-8.738388410243767487e-03
2.605048545034053120e-06
1.879220150471658376e-03
-1.407703217986309237e-04
4.116069626012687846e-03
6.722015551180886110e-03
1.442921059967317791e-03
-4.169976893896647392e-03
2.393872697365352544e-03
3.145062003178833183e-03
3.649614274131556132e-04
4.342862240762591030e-04
1.369769641171837042e-03
1.149386000866021301e-03
-6.367281417991451590e-04
-1.296110214256302861e-03
-1.432428062246171021e-03
-2.606256874867381168e-04
-6.502840547211308350e-04
-1.998086458057424285e-04
1.404596815572332034e-03
3.141916808640753990e-03
2.164763729488666192e-03
-1.270103595370414935e-03
-2.054598237644924066e-03
-2.031743062457105377e-03
3.448643146649570785e-04
-6.590351145710033817e-04
-6.140830668275797880e-04
2.590674073315117057e-04
5.514495141637525610e-04
7.263197073959997514e-04
-1.651212500813998500e-04
-8.270598797975939331e-04
3.821000466307381612e-05
-9.340543025745624362e-04
-3.341911837251762530e-04
-5.295397453528088647e-04
-3.327479837138340685e-04
-5.180855186815812167e-05
4.127376093324032491e-02
1.244576414046655033e-01
9.079274157077628360e-02
1.447365128279984835e-02
-4.293642732832977753e-03
1.625781340881317372e-02
-4.699035734770516302e-04
-3.567122612963516577e-03
2.398955163952017078e-02
-2.003281166006916966e-03
-8.266886013796312166e-05
9.737294067010416818e-03
-2.236009984193290841e-03
-2.518986745468251333e-03
-1.663430994294925558e-04
-2.798943029320768387e-03
-9.464361408688111259e-05
-4.714897174270715058e-03
-7.434094350258497585e-04
-2.264277567253204781e-03
-2.863827259039094207e-03
6.062311955105253482e-04
-3.957392963265213802e-03
-1.438601551762597490e-04
-1.836888315856927264e-03
-2.899772948241162570e-04
-5.430688441841717432e-04
-1.987512604042123050e-03
-8.320562940193964663e-04
-9.321085384835726671e-06
-8.989670168266599391e-04
1.498262450967930521e-04
1.942573975899517728e-04
-8.168890124507621601e-05
6.764454894300482666e-04
-1.054821852606218160e-04
3.915261600546609904e-04
1.660501377769733672e-04
3.022566973059463160e-04
6.995601583780591251e-05
1.150819004871474508e-03
-3.464703635400265681e-04
-4.186285730551378924e-04
1.298134873676868423e-04
-9.484870634561636644e-06
-1.271998225306047298e-04
-1.771323755886898533e-04
1.006164784399125390e-04
-4.053396099602345594e-04
-1.353276460972082328e-04
-3.332893891512810373e-04
4.134676160852369248e-02
1.237411366515234756e-01
9.305625608221745892e-02
1.759479385274313051e-02
1.459089236710694841e-02
-2.924789203640778407e-03
-7.381852057851301385e-03
2.169001060976375253e-02
-1.547550720610368002e-03
-1.135385847711674508e-02
9.018380893893590544e-03
-3.599735349163082736e-03
-4.983942073594115930e-03
-1.217378876790136885e-03
5.590345572361044013e-04
-1.124164993522644993e-03
-4.026405522994198558e-03
3.907203543078946982e-03
-7.169153046957712615e-04
4.525921292931549375e-04
-5.824369218140090006e-04
-4.308209456220280648e-03
2.991121795245102639e-03
-1.022555827431759039e-03
-3.468353944295573025e-04
-1.476767750040377115e-04
-2.136505488274346217e-03
5.902255830969637199e-04
-2.834268273288857178e-04
3.156987688327629691e-04
-9.832909412642051145e-05
5.741030606579183198e-04
-5.907302839420402942e-05
-8.666378017165862020e-04
7.795228426997432604e-04
1.633863192050053750e-05
4.893801468542800863e-05
4.671979207493525549e-04
2.458164220375460163e-04
5.420089889199839524e-04
-2.717447544081387479e-04
-4.578132831036658382e-04
1.952324657821754336e-04
-7.711052488085332491e-05
1.750838120864085942e-04
-1.849578102204252003e-04
1.549691927755262547e-04
-2.659078768431912768e-04
-4.792722655795453294e-06
5.015727849354989108e-04
-3.293775111838966453e-04
4.074827030435015929e-02
1.242791129971184266e-01
9.183622109468425609e-02
2.848560076650297548e-02
-1.148405632346016954e-02
-9.653133799325766540e-03
-6.908271579898099708e-03
-1.642103652956070428e-02
-1.244782921384736743e-02
-1.241556216061891725e-02
-8.044150973381361536e-03
-4.716368518195560543e-03
-4.924982166456946808e-03
3.475976710501162224e-03
2.144780448302537230e-03
-8.466508947476103194e-04
2.885738305812594537e-03
5.819246473737359378e-04
3.741461570604204256e-03
3.869600110011637336e-03
-7.138236716176933573e-04
4.415849384820869951e-03
1.792066185878040101e-03
-1.075628252524715272e-04
6.825254830475723346e-04
7.664564681413657283e-04
1.924414077254150068e-03
7.957558484505722644e-04
-6.135285170609429016e-04
-7.491462006782821648e-04
3.992954477116437371e-05
5.789827907072765852e-04
1.549172552684279446e-04
-6.168487899667099666e-05
3.526363486564171356e-04
-5.265045914016843647e-04
-1.416965375888558625e-03
-4.623161664255774172e-04
7.877572243151737897e-04
-5.482537606199786332e-04
-4.467024058596131089e-04
-2.894291999520609408e-04
8.304781735560829163e-05
-8.114292399412949343e-06
-6.479165762763490770e-05
-1.675160837505800253e-04
1.526814407865505403e-04
-1.099917078501665813e-04
-7.141432731508706657e-05
-1.753310747860913337e-04
1.963710251768200547e-04
