1.400517760007293222e-01
3.443723564973106832e-01
1.151118962886316544e+00
1.817666216676091295e+00
2.182698688823075273e+00
6.280654091323070176e-01
-2.030765297809940806e-01
3.881212509157433432e-01
4.083871076930797317e-01
4.699078204969060757e-02
1.229799383447393419e-04
-3.825511647362693209e-05
-6.355583613355393863e-05
7.002153311615635749e-04
-1.746313107119244127e-04
-4.208148308561013534e-04
5.864422096915649545e-04
-1.734184297650175988e-04
-3.089358189632277819e-04
2.443145575130749748e-03
-7.230291115685101057e-04
-1.455435505502005421e-03
-8.836105423602870143e-03
2.417219973551712735e-03
5.425328125980496963e-03
-1.853520336762435857e-03
6.587646809089325872e-04
4.034993404597445781e-04
1.036608071576872354e-02
-2.483339949368858907e-03
-6.904484349603143105e-03
3.093359949058121730e-05
-2.114504668746312166e-05
8.929833428801509332e-06
9.290242926562989421e-06
-4.232886659851054054e-05
6.609146070599093616e-04
-5.584656012568082984e-04
1.511416248172106202e-04
1.762122945035286435e-03
-1.609189556825701235e-03
2.096873360555219761e-03
-1.338335029303623505e-03
9.874352201683319653e-04
5.085397375201065710e-03
-3.845973153757912578e-03
-2.752371141528175448e-03
1.927297772844672498e-03
-1.243084030484666860e-03
-5.449474505299641697e-03
4.643354200710853030e-03
-2.396241813194746259e-03
1.427176041213806942e-03
-1.393606630860907275e-03
-3.941444859459779064e-03
3.160707380297480586e-03
-1.480089811357101527e-02
-6.234730463430871762e-04
-5.167517694161817381e-03
2.086890763642614346e-02
1.063522000517715289e-02
-2.681900420885411675e-03
1.409506267736351272e-02
-2.091413442061471409e-02
1.669733383113896361e-03
-6.671540882093102663e-03
2.917996874094421628e-02
1.435879684702118068e-02
-8.240966250073367139e-03
2.010000034219274270e-02
-4.217273822366853983e-03
1.315665425390245315e-03
-1.544252130982737975e-03
5.291069968305140737e-03
2.610255781768805201e-03
-3.192957556088399460e-03
4.643197728002340652e-03
1.890785136822027961e-03
4.939655991962106467e-03
-1.282700132520826894e-03
-1.222804926290992555e-03
3.373886796496280809e-03
1.785292552184535465e-03
2.950653679803938965e-03
-4.844915224637607980e-03
-3.611132678456988369e-04
8.051526862526686831e-04
3.771560950151114228e-03
-1.131009899224029100e-03
-9.757716765571821911e-04
1.846497963251504931e-03
1.546457684844910595e-03
2.480867139885469409e-03
-3.861069631161663691e-03
1.031444380596439252e-04
-7.178587637577869785e-04
7.939357877333536517e-04
-4.196681081793515928e-04
-1.209023708501238324e-04
2.833915760632375012e-04
7.935262666393816066e-06
-1.033483008938098279e-03
3.635193899082527933e-04
4.775201225944589395e-04
-5.371440084249278889e-04
1.834702989112054427e-04
1.401123712793954368e-01
3.442032333678003431e-01
1.151328361413333390e+00
1.817244552597697238e+00
2.182995675804722868e+00
6.279593855074032671e-01
-2.026428221911822369e-01
3.878603471434758920e-01
4.173369401201902917e-01
1.276698617709396430e-04
-1.038102458633776548e-04
1.683027007079062107e-05
1.062865379681120117e-04
-5.372445984553472168e-04
1.338719074412509724e-04
5.572111564283361608e-04
-4.262749332511878413e-04
6.486006793243312884e-05
5.647597884583148778e-04
-1.967370430949545550e-03
4.821191926750649590e-04
1.748271677922081995e-03
7.996947580401425615e-03
-1.865593604574555158e-03
-6.757664182647877757e-03
-2.626884227354985327e-04
-4.356476408160688267e-05
-1.039786983156454261e-03
6.904242782412743640e-03
-1.151493570129764107e-03
-4.677054567381280781e-03
-3.616165160897234082e-05
-1.414434618618243976e-05
1.121303355701594543e-04
-1.990899361456140011e-05
6.173780928399600005e-05
5.111186635231140243e-04
-4.858738394579400653e-04
7.972806501198327882e-04
1.868367580023835720e-03
-1.176896048962863470e-03
2.111592455282872843e-03
-1.586505288193644069e-03
1.376007157921549590e-03
5.209543336270767815e-03
-3.769135891727570971e-03
-2.100935936295960423e-03
1.294037770265257879e-03
-7.584041533401466358e-04
-5.147092363725829650e-03
3.806423784668574225e-03
-3.424613052784349228e-04
1.567528320779038313e-04
-3.646307787292659910e-05
-1.467308614583403713e-04
2.588605920497475776e-04
1.547131941958760845e-02
1.700885768578429486e-03
6.927780620348561284e-03
-1.996039443304414157e-02
-1.121650924489225702e-02
3.473652441663764839e-03
-1.321647332976184225e-02
2.089543093512238880e-02
-6.636898344927761716e-04
8.343894346082434549e-03
-2.659399219813696202e-02
-1.438158627443131450e-02
8.869725574597253637e-03
-1.842659412326986060e-02
2.652182103581728588e-03
-1.508586507323741305e-03
3.724227995919951744e-04
-3.717700087433243369e-03
-1.679766898433629647e-03
3.122597556451596999e-03
-2.455403010370988456e-03
1.687512276939478898e-03
4.770877445897134944e-03
-1.545273102096332042e-03
-1.935902420770650723e-03
3.007457537698458513e-03
2.101205410629347452e-03
3.182137451355008737e-03
-4.471840523929630079e-03
8.348230637968599656e-05
1.189621186518192763e-04
3.381908851015371763e-03
-1.068968961015172607e-03
-1.210933142934554141e-03
9.044235347397009891e-04
2.017645106376837229e-03
2.225972018430269570e-03
-3.273828805998869104e-03
3.932285968689756546e-04
6.192761116408020561e-04
-9.568546461093443414e-04
5.508802078177077151e-04
1.644823444371497833e-04
-2.055622688794330225e-04
-1.538085075228564795e-05
9.692281339967248870e-04
-3.675677624143992590e-04
-6.015151943158924272e-04
6.411554439562716168e-04
-2.281377918008789063e-04
4.108898241799718853e-02
1.259102434124529935e-01
9.089811105142793501e-02
1.686182933460685790e-02
-3.053000766676026642e-03
1.505089264448985749e-03
-1.686860258775895252e-02
-3.554221237170816176e-03
1.944520387661510027e-03
-2.454272364042311624e-02
-1.031808921099501737e-03
5.821712835244127488e-04
-7.137177980931965621e-03
-1.704433925249732669e-04
-8.922615283637406591e-04
5.636034670609927667e-03
1.813441771242263684e-03
1.189905857448309457e-04
4.797975127413751429e-05
-5.797560249400751349e-04
5.059814954190220912e-03
1.025969847781207055e-03
-1.339514524422728207e-04
1.639024699903151162e-04
7.149967953594209800e-05
4.700378332900897885e-04
-7.669626280487605878e-05
-3.588319420669938524e-04
9.347344647198547194e-05
1.025982123754461502e-04
3.254669552395931045e-04
-1.286713600710007437e-03
-6.784334732079285585e-04
-4.375124111536599005e-05
-8.074233896536873382e-05
-3.167405989604063716e-04
-2.062685455975604145e-04
-1.337971931492609420e-04
-2.293629302128908566e-05
1.958443123777802765e-04
1.950609158906632711e-04
2.838678887486697491e-04
5.807458075737465875e-05
1.796724902044724429e-04
1.025172919042653886e-04
1.327426446182481681e-04
-5.399216978859193656e-04
-1.494173994798179820e-04
-7.829061878041645691e-05
-1.465957804120699977e-04
-1.272986595655208892e-05
4.151144988458824181e-02
1.271035711577934435e-01
8.956705007491766457e-02
1.579452999213383155e-02
5.115239103767628762e-03
-1.644623932038940736e-02
3.548029466214878188e-03
7.505189535991656224e-03
-2.267508647612403658e-02
4.546868676242817736e-03
2.926721175128669996e-03
-6.592580753909213498e-03
5.642633771159124602e-04
-2.758813550677657704e-03
-2.002031619066702017e-03
-2.624849271218697520e-03
5.948204158830095898e-04
-4.082824976825024169e-03
-2.891719044457965581e-03
-1.166575691712177544e-03
-2.355335974611070301e-03
6.614709943800219484e-04
-3.351684193427218860e-03
-5.390196919359813415e-04
1.939139266104216775e-04
-3.110933896859822924e-04
-2.366715804931239923e-05
-1.272589571637262559e-04
7.470364914793225933e-04
-3.688056891395412665e-04
6.304243531857347616e-04
-4.854953114522423730e-04
-2.176363174801367723e-04
-3.801721083225457218e-04
-8.132832607335757202e-04
-2.255966040473961676e-04
-6.751028352070063271e-05
1.038607632607587528e-04
3.448824651753264496e-04
1.025718064047035694e-04
2.389653458482721059e-05
-1.031942913740921327e-04
-4.040252883353668894e-04
-7.163729787810506800e-05
-2.793087098842266815e-04
-2.776244472674631618e-04
-1.090019531449773011e-04
1.077993609229904444e-04
-1.405477475055664323e-04
1.200830212146373555e-05
-6.194224293199279761e-05
4.110502040207506674e-02
1.259234603503092131e-01
9.039021690933336795e-02
1.588792291845255930e-02
1.252090858123002838e-02
1.078069000281401020e-02
4.723200315092376117e-03
1.854260553982410228e-02
1.515759948081238546e-02
6.292507069513053435e-03
5.625234211398077652e-03
3.946342350549888849e-03
1.769389207663587833e-03
4.716077077533951424e-03
1.788188120603971054e-03
-2.325613225332058814e-03
2.039784452265965345e-03
6.579084310466301556e-04
4.114439987602041063e-03
1.098933855880697983e-03
-2.094135037555216322e-03
1.782050384887556372e-03
1.140367081683212698e-03
3.153645949532277951e-04
-1.615077194115591846e-04
-1.866973703778429430e-04
2.926235920129445739e-04
3.920791516966601548e-04
7.981473190146325548e-04
6.808715397654627882e-04
-3.238710477051700990e-04
-6.157285997730401091e-04
-4.023201840639254075e-04
1.139097951120836597e-04
-6.422753401969508906e-04
1.751895911751643969e-04
1.749121792112473113e-05
-1.760098433752341261e-04
3.228543804525833057e-04
9.483598670448373940e-05
2.299658645191447737e-04
2.890064764821241735e-04
-1.615857774935302292e-04
-8.496023422271525155e-05
1.878749836142275134e-04
2.037416178211193642e-04
-4.818562783892161281e-05
3.015342733686591473e-04
2.149183151867797837e-04
1.200154725210083462e-04
3.376007590813576327e-04
4.142840679644683999e-02
1.271025482376386961e-01
9.397475530798020393e-02
1.708442441547075932e-02
3.367968896737150511e-03
-2.363450832381147528e-03
1.689357186114182410e-02
4.854692646945138815e-03
-3.510726996748825008e-03
2.518971305092728222e-02
6.155288072837169317e-04
-3.990278113016768676e-04
6.349427623641758396e-03
-2.985922624935683617e-04
-1.427931156598024817e-03
5.541233207184186049e-03
2.043767498178182887e-03
1.317629936801085230e-04
-6.492250221240419025e-05
-1.055909593963270552e-03
4.997997316499646486e-03
1.435588126241540237e-03
-1.402452803987739389e-04
3.697061408456553974e-05
2.455383677820850122e-04
-4.188916683616567753e-04
-3.507591770729533262e-04
7.952075728803998614e-05
-8.409068881818086878e-05
-1.246669198482295974e-04
-4.932715031907859010e-04
1.321263483443613088e-03
7.373276820110877651e-04
-9.405628854887575387e-06
5.923291735613867525e-05
2.663659317627087254e-04
9.606800018126864459e-05
1.518982020219484879e-04
-2.942628959783158415e-04
-1.574704244997433757e-04
-3.484357298090413592e-05
-2.188057668307023199e-04
9.988626802381429597e-05
1.333850155170153234e-04
1.017321941260845999e-04
1.968232188581420000e-04
-5.007839603169012823e-04
-1.570581439567045616e-04
-4.440363435328816818e-05
-7.915407810309733492e-05
-3.259589809510058886e-05
4.064371465465105998e-02
1.244635983658802098e-01
9.560685146539041335e-02
1.771919083725280453e-02
-4.228516424545790756e-03
1.568525077998929318e-02
-2.630112268801763388e-03
-6.970680746899307959e-03
2.522126882088484082e-02
-4.018364995951347399e-03
-2.139601151952747349e-03
6.515394010698392566e-03
-8.194488585447096823e-04
-2.489587260698153739e-03
-1.569117070975252666e-03
-2.704602483263798731e-03
3.918628463731597456e-04
-4.316390286509639608e-03
-2.654236634217534314e-03
-1.208592240192654915e-03
-2.671393982824166874e-03
5.891592333662970049e-04
-4.065103918519238566e-03
6.800249533559737209e-05
2.346307241295160560e-04
2.078041440211565640e-04
-1.245688109796425211e-04
4.241324896694030318e-04
-9.373835824751798173e-04
2.673326686481039072e-04
-8.041294514225353100e-04
4.716504851497488240e-04
2.544180363842956575e-04
3.298131428940251526e-04
9.033020496374348203e-04
1.798459139505264085e-04
1.313590496344229557e-04
1.511655302331535946e-05
-3.235104344627263181e-04
-1.698829197478479486e-04
4.652125046345649740e-05
-1.136493891687074685e-04
-3.676653142878004671e-04
-3.691570554904028843e-05
-2.699650516846378466e-04
-2.085469248326719978e-04
-1.051957438123141754e-04
2.786784193695031919e-05
-1.772395418225398121e-04
-4.200385557571299653e-05
-8.414250631594368836e-05
4.064461165506261936e-02
1.244178996713213858e-01
9.545188393588753539e-02
1.768148851466801522e-02
-1.207714367613200654e-02
-1.022597625217763241e-02
-4.473647789859607274e-03
-1.948499490564239989e-02
-1.640623231616349445e-02
-7.081179983023284247e-03
-5.629795327341252133e-03
-4.151339597301950506e-03
-1.162696972430768893e-03
4.666067153503878316e-03
1.769987381487128772e-03
-2.247027301494323396e-03
2.047128036308689617e-03
7.285262012176970834e-04
4.510143442745770045e-03
1.320747138291151253e-03
-2.384943036435974075e-03
1.945346889675683092e-03
9.721980321506304293e-04
-2.893191818236638311e-04
-2.483570500437758664e-04
9.699029921873560903e-05
-3.679031249440675613e-04
1.098038901406540359e-04
-1.010200503055041360e-03
-7.216597504893081062e-04
3.385109731924170438e-04
6.759403049769958970e-04
4.742893433686346579e-04
-1.959786456098935078e-04
6.645247138179741263e-04
1.673791436927653936e-04
-7.680822026293348973e-06
2.127190382775978280e-04
-3.068043253823448053e-04
-1.159093644545289655e-04
-3.506355842863371065e-05
-1.823914496441730870e-04
-1.945394516115313765e-04
-1.172763305104131527e-04
1.763669096360292456e-04
1.443497367634722760e-04
-1.296808817646067567e-05
2.330236257650215956e-04
1.997282614016078885e-04
9.035068617473336670e-05
3.239206868563308198e-04
1.401558935476631129e-01
3.441210620722601199e-01
1.151511310434286450e+00
1.817061441129065091e+00
2.183267492104834062e+00
6.275148900227234261e-01
-2.022462673535893873e-01
3.853409574801029969e-01
4.193348588681697908e-01
3.948171306099213657e-02
-1.379960500571901754e-04
5.916589996684647532e-05
3.763903709008666125e-05
-8.316262401642962425e-04
3.397727794664365036e-04
2.466826248997794585e-04
-7.012119446421968003e-04
2.472486794652700606e-04
1.792559650726386017e-04
-2.648243758888759770e-03
1.348512018920846938e-03
7.666146285867084980e-04
9.391316325625849448e-03
-5.405018864051102517e-03
-2.218900294906545577e-03
5.032721846337718206e-03
3.618328764076751171e-03
-4.258049682038321515e-03
-5.922747146694619033e-03
7.557346302432383332e-03
-3.846592227215766191e-04
1.331388776792889045e-04
-1.303361911161806275e-04
4.488414013652642607e-05
-8.266051638618578980e-05
-7.826928321038656154e-06
1.883918170636145455e-03
-6.016925919998740609e-04
1.208493357503723610e-03
8.936254562513245864e-04
-9.944236983216855549e-04
5.502615169005665129e-03
-2.235494142022052301e-03
3.019243431380668613e-03
2.216911027455889787e-03
-2.709159353268697761e-03
-4.016138812895010679e-03
-6.954622280505427410e-04
-3.684196320409456604e-03
-5.430492334971907288e-03
3.421511359085470903e-03
-2.634298019313825907e-03
1.078768643773976560e-04
-2.129334567015294180e-03
-3.040769387961272940e-03
1.954144853000128104e-03
1.226147491813879553e-02
-2.022705596788300364e-02
-4.130453264815231451e-03
8.238596894923004565e-03
1.426759766072424260e-02
1.310718556604115528e-02
9.933022533250583565e-04
2.092319240837380370e-02
-2.806863219481462585e-02
-6.256181958470406757e-03
7.805246251955343800e-03
2.045632127507107656e-02
1.765616436132371250e-02
9.690776609437977852e-04
5.798263801117486266e-03
-5.257374483587128229e-03
-6.734557835374887927e-04
2.958030711775392520e-05
3.939838907865229368e-03
2.047243664061534300e-03
-8.632876743075463676e-05
-4.659146486474149453e-03
-2.988374041640188498e-03
2.168952098026465016e-03
-3.239496076298737422e-03
-2.709390487634732829e-03
4.711790398685295270e-03
-8.124526787596973666e-05
6.883947990872190791e-04
-2.212582117314107477e-03
-3.791986528903100798e-03
-1.466431511014636450e-03
1.626922643929483566e-03
-2.824059184887594241e-03
-9.386557987385798791e-04
3.174234319212048891e-03
-4.291919808561666782e-04
8.168084573374710926e-04
-2.357919869262706941e-03
3.348666953909538199e-04
-9.117079642559518769e-04
-3.704194750206306645e-04
6.756029402984500788e-04
2.125660073678245282e-04
5.628440236989122516e-04
-3.738354332737559992e-04
-4.531284355129853374e-04
-1.172070238387346746e-04
-3.886149341242532804e-04
8.470127714320800682e-04
1.401242262160538044e-01
3.441626372354457675e-01
1.151368505873265669e+00
1.817150779903093927e+00
2.183107244577303430e+00
6.279170558703752736e-01
-2.024761808604027546e-01
3.879544951145998954e-01
4.142516669060881673e-01
7.800318011163760550e-03
9.885998503103892376e-05
-8.948809157053318707e-05
-4.549324522331306371e-05
5.343983562378767102e-04
-5.049946045901864376e-04
-2.226646576347143390e-04
3.832654381403487469e-04
-4.572547894383237766e-04
-2.614776577840292621e-04
2.048403961288531271e-03
-1.661174098132536239e-03
-5.674772726155678576e-04
-7.878122711349338364e-03
6.328475873122448546e-03
2.673414644539314107e-03
-2.286044050863405720e-05
3.489641106655905168e-04
3.529770616387271410e-04
-4.531739732658197038e-03
1.969153117646845353e-03
1.117394910669402587e-03
-2.884067493883353314e-05
9.570912835110828034e-05
-3.920677329188142609e-05
1.993904673170306130e-05
-3.588545997108998401e-05
1.830885341896264316e-03
-7.276121699479984491e-05
8.707459098789092217e-04
7.617101038770808432e-04
-1.033244773092108562e-03
4.974845637839959110e-03
-7.984625861372663270e-04
2.345757606046582240e-03
2.199351054614051993e-03
-3.309573655412919799e-03
-4.518762674359242879e-03
1.090787230615237373e-03
-2.838442625974340553e-03
-3.102415653175402514e-03
2.945434074565585723e-03
-8.612551146297114371e-04
2.856608622969822168e-04
-2.735018413960336797e-04
-2.395064203584289602e-05
3.002553763090051470e-04
-1.293392856284114253e-02
1.837138044849837698e-02
2.118964983154059936e-04
-7.844773724720151276e-03
-1.621574532777429398e-02
-1.254294926144955240e-02
-3.110681149053574294e-03
-2.050815584559220403e-02
2.446469870023355170e-02
1.980400231198361453e-03
-7.120087499634596487e-03
-2.195132685450993867e-02
-1.594763056345324323e-02
-3.738783242568858960e-03
-4.156117450870746091e-03
3.321327312943342901e-03
1.584468066086826450e-03
3.197308034792453800e-04
-3.025932208020881611e-03
-1.869571450992530857e-03
-5.780780491614206928e-04
-4.803754143113896959e-03
-2.311241579998140130e-03
2.504508599780884588e-03
-3.952393752971366039e-03
-1.727447934503635509e-03
4.162109292462968547e-03
9.879724641221208827e-04
5.401934230734827241e-04
-1.743342054862935314e-03
-3.372266880802283172e-03
-4.056334676595707068e-04
1.889204736612327788e-03
-2.480385883563304000e-03
-4.934857436738282433e-04
3.046231948587452450e-03
2.724223676160151316e-04
1.431780174123035126e-05
-1.686302813066959663e-03
-4.767001976020302108e-04
7.661380106784134239e-04
4.509206271469568699e-04
-7.482047245810989318e-04
-1.862196510173023229e-04
-5.573390684397190728e-04
2.573255161628261651e-04
4.686799795120011347e-04
9.244274033973794695e-06
5.079236614911261660e-04
-9.679089864011280585e-04
4.120435030745243921e-02
1.261545386261869461e-01
9.198434171790038916e-02
1.809461996208489021e-02
3.863522924152988820e-03
1.447831780619038798e-02
8.482901964373800591e-03
4.912015661992891538e-03
2.116710278766131131e-02
1.243381908239088972e-02
9.049738387840205360e-04
6.830602550239763329e-03
2.796390659200707635e-03
2.006060346032127045e-03
4.318026887284033555e-03
-8.397560880911463443e-04
1.130491797670833860e-03
-3.354395357635777362e-03
1.165737385119891296e-03
3.707288589625843799e-03
-5.320389451600361511e-04
7.449330624256957209e-04
-3.517365893318170900e-03
-2.303571545989424704e-04
-3.638613781419731020e-05
-9.510613857910363040e-05
-2.052453216780894703e-04
-4.980832946139323930e-04
-5.877841956825598322e-04
6.091475875806087216e-04
1.605706752720554653e-04
-6.624131005236457651e-04
-9.234494172813669725e-05
-9.260118279018686102e-04
-5.679713588605645423e-04
-2.282293520536399700e-04
-3.531954229296449142e-04
2.808844470183618640e-05
2.468102001836244819e-04
4.064001971961071660e-04
-3.359274693258775430e-05
5.189350373027903912e-05
5.426318690833316973e-05
2.503084088591927344e-04
3.052225460096997601e-05
3.509489515315010141e-04
1.509205723001331989e-04
2.400176602013786220e-04
1.922521034945697818e-04
2.143198908837889462e-04
-1.630379832441287665e-04
4.111870584520553595e-02
1.282262856709145415e-01
8.403120056432901441e-02
9.281413188779792656e-03
-1.000082267945308356e-02
-1.051350379496872670e-02
1.035189087682934772e-02
-1.371061191598679611e-02
-1.331701222551327606e-02
1.369791409173324107e-02
-1.919556164586578954e-03
4.163442748727852558e-04
1.136969198133896703e-03
3.588696322278162650e-03
-3.717274773502778334e-03
1.183792341484245156e-05
-3.689286345203156813e-03
-6.013092835493784744e-05
2.307109687206175107e-03
-2.102447120629674562e-03
2.156623061809141283e-04
-2.034019290133465621e-03
5.945286658459306487e-05
-1.142962713759773912e-03
8.917276222933559872e-04
-2.515924970186544495e-04
-2.243235654768892587e-04
8.267880304327414635e-04
-5.062678669500757711e-04
1.137905364327585715e-03
-3.387887644088203361e-04
-4.468867490043485239e-04
-3.692192821844318034e-04
-2.050973538504946732e-04
5.720609334731781986e-04
3.510547129925390905e-04
-5.833067673721562853e-04
2.207540683542844189e-05
7.154041165730805037e-05
2.141584808174483749e-04
4.836169179742211863e-04
-3.621167136591070708e-04
-1.773743925344767921e-04
3.387245891149946253e-04
-3.648850347184526277e-04
-2.270072763277392177e-04
2.075288208107911711e-04
9.189931307793143070e-06
-2.158023178967148842e-05
-3.247324168469854712e-04
2.202645913975955990e-04
4.135578267294386795e-02
1.267999160548368975e-01
9.151460195837154976e-02
1.827913920359541811e-02
-9.074262987890680324e-03
4.053050722238399177e-03
-1.440525309208617009e-02
-1.334400666260643527e-02
6.095832932634762634e-03
-2.009373207513483195e-02
-3.959166997719358594e-03
2.160867881286656408e-03
-5.563802180942443824e-03
-1.277307422478756501e-03
-2.020838316442749236e-03
3.199264304376823066e-03
4.428231147199084873e-03
1.164025131411879164e-03
-1.094740066569405883e-03
-1.842580963530727122e-03
2.034575106545458926e-03
4.147825213495118235e-03
8.856710854319158662e-04
-7.211887683737620174e-05
-2.026822440841623144e-04
-3.159375070357743360e-04
2.132908100292681206e-04
3.165019298097799373e-06
8.846575064764227152e-05
6.446697912844202068e-04
5.388408873609533368e-04
-3.106745363026711506e-04
-1.126429134854320608e-03
-5.313694583266044937e-04
-8.489245700634030908e-05
1.301214755211060219e-04
-3.249026022157749829e-04
-3.882364703277863753e-05
5.080280314525663496e-04
-5.742111223597721033e-05
1.233888906314004085e-04
7.702633116477465710e-05
3.272666680628839912e-05
2.821463637124603692e-04
4.672853742625575325e-04
7.139961910564916444e-05
-3.774358685257447801e-05
-1.822781031074310323e-04
-2.691216873242760401e-04
-8.434523347863411068e-05
-1.397447945503560874e-05
4.126306654068852969e-02
1.265362800098576435e-01
9.438452126589391700e-02
1.726745440172899188e-02
-4.105498299553831353e-03
-1.513381625162262857e-02
-7.038156441736028238e-03
-6.040479547908528084e-03
-2.307125769188852690e-02
-1.058168923146913382e-02
-1.374869068686837385e-03
-5.873190521204188670e-03
-3.095302742589966811e-03
2.195600411173999605e-03
3.752447101172545069e-03
-1.547516914484823236e-03
1.045258336228103166e-03
-3.747270131425344594e-03
1.819577914347038578e-03
3.371807544643640187e-03
-1.114550217356950540e-03
8.206810966782736479e-04
-3.593142010918493230e-03
-2.501152333282126807e-04
-1.705172918141767120e-04
1.212413721402166730e-04
-3.449954038724438834e-05
2.492312003045041974e-04
7.232140068856887606e-04
-5.969471269366753794e-04
1.144642678189745514e-04
6.521263352610751378e-04
1.089029122426510971e-04
8.954458150015494593e-04
6.606871539226885854e-04
-1.165990437966891346e-04
2.439513212461632522e-04
-6.505843035887352366e-05
-2.042863740629719243e-04
-2.899256432984840485e-04
-1.875845648650516500e-04
3.257122868018216187e-05
8.023546987623956790e-05
2.890149191353948372e-04
5.588498290098948998e-05
3.888131882243237741e-04
4.613407834640166828e-05
1.610363782241878983e-04
1.123494950420775393e-04
2.083563534695547414e-04
-2.179368068560377477e-04
4.063610839604648445e-02
1.245037558676439088e-01
9.474919876756084103e-02
1.745302481812660220e-02
8.976271931639710766e-03
8.938633902358486191e-03
-1.054121207567943613e-02
1.446456111636682494e-02
1.404752587744788513e-02
-1.682325082428430194e-02
4.777775523269474356e-03
3.092140305390551555e-03
-4.155349700488553469e-03
2.980436483604994094e-03
-3.552315124924892379e-03
7.044872440469660728e-04
-3.524385384991340128e-03
-1.664256112425303725e-05
3.101951558834853320e-03
-3.159043389994843111e-03
7.195666742536696494e-04
-3.591765870259751650e-03
3.364642825751755213e-04
-1.581549730955845025e-04
4.739073032950127224e-04
-1.601638750559302544e-04
-5.744501661405796507e-05
4.809049207358092530e-04
4.945229735234643771e-04
-1.223433161916894071e-03
5.226032685684719971e-04
4.247982324313584967e-04
6.370317673768888462e-04
1.346695124226414766e-04
-4.108018685943707173e-04
-3.927089996032575979e-05
1.134923777158890331e-04
5.534519578551198166e-05
-9.525293882882350884e-05
-1.897339328776367190e-04
-3.797392575588222829e-04
-9.871468571040782473e-05
-1.609792887042638153e-04
2.026424348154499510e-04
-3.301212358692039487e-04
-1.462077556855647742e-04
2.663695624786239775e-04
2.237526375712653361e-05
-5.650881580810997862e-05
-9.392839021626564412e-05
5.401220492120228472e-05
4.071820537717751876e-02
1.244593204205907411e-01
9.561543426394344958e-02
1.741898528491853115e-02
8.519350139565774055e-03
-2.823663716251431123e-03
1.373082840603442531e-02
1.389267144111401564e-02
-4.714059789248571490e-03
2.200825640771629857e-02
3.640042680170274721e-03
-1.838766054495645334e-03
6.166738984757049943e-03
-9.167281451019292874e-04
-1.403958550959075744e-03
3.230692229589143122e-03
4.427802925953094361e-03
1.205377123341919458e-03
-8.422640840838484027e-04
-1.698379030482479683e-03
2.955743106217087468e-03
4.418840168549714384e-03
1.219080250965566244e-03
-9.996983599036130517e-05
-7.526680837843449786e-05
-1.102055468084605369e-04
-1.811873796149918918e-04
-1.572763056240937714e-04
-5.294020867690539078e-05
-5.111046617331052328e-04
-4.129222803812746499e-04
3.370009813104878440e-04
1.316062884337461120e-03
6.436820784504614264e-04
1.290442175285021350e-04
-1.454036947320948270e-04
2.585493346049146926e-04
-1.421021520969035015e-04
-1.127604308558064204e-04
-4.903271266234598692e-05
-1.444629381495181537e-04
-5.199858686740560976e-05
4.828919600585269354e-05
1.874875228887941012e-04
3.375129942912603181e-04
-2.895089427880828190e-05
2.856606424168988987e-05
-2.083234532040481601e-04
-2.994079382384468024e-04
-1.140753383005175853e-04
-1.472637832415748956e-05
