1.403337846441053416e-01
3.438137756014073565e-01
1.152439647643869636e+00
1.816723385114412670e+00
2.185806847565035405e+00
6.272762150888205879e-01
-2.000343023874707193e-01
3.826276437834084665e-01
3.969193831094696145e-01
2.257810979354653649e-02
8.743254229030929855e-04
2.975799387127919240e-04
-4.014083728252313701e-04
4.360616687164500099e-03
1.249839836960980758e-03
-2.325645686152786381e-03
6.611468791784970607e-03
1.729192655655586736e-03
-3.310520354841906682e-03
1.011959452489941992e-03
2.522759202355951292e-03
-3.384199770336953901e-04
-1.828350010930823027e-02
-1.019205868573587644e-02
7.925533636730739545e-03
-1.649023916172067533e-02
-1.536330645186898339e-02
1.783877135027422262e-02
-3.302513511889901537e-03
-6.540119398630112914e-03
8.301769959394099396e-03
3.576115379795771212e-05
-4.706980879640776708e-04
1.290425748720956320e-03
2.660825476461349884e-03
-3.169915422604667118e-03
1.549207416990849113e-03
-1.839233071621089932e-03
4.869401123374364308e-03
9.272337269753827202e-03
-7.464569010622492361e-03
2.917936135293182354e-03
-6.101540997890430792e-03
1.003828105896006212e-02
1.601824798970511582e-02
-1.420921784977496015e-02
-7.062015538401274564e-03
-2.430256766479304935e-03
1.967944704305038452e-03
3.551933741619757098e-03
-1.418506138032643756e-02
9.896001592886508307e-04
-2.870226424669864839e-03
1.475588511969574274e-03
4.248955608052148785e-04
-1.371337421132087135e-03
-7.734173745789603253e-03
-7.500095504991589369e-03
-1.625282295337574998e-02
6.489017651080617073e-03
-5.949917122564257234e-03
-2.291207344500363272e-02
9.500512981194928278e-03
-1.393133094318344846e-02
-1.076975464523123767e-02
-2.440907471431604317e-02
7.154388778035491309e-03
-6.192015615832934493e-03
-3.609362491841914405e-02
1.883869746952156893e-02
-1.116039002571906323e-03
-2.094956760902448069e-03
-4.724509914883396472e-03
3.055126769648890649e-03
-2.878431825173246011e-03
-9.510686592796671959e-03
5.007270505595892707e-03
2.696994389927745775e-03
3.074990341387979619e-03
2.764452237601511524e-03
-5.115817615543329783e-03
-3.316474588622526400e-03
4.137869788349396796e-03
1.167694689594118507e-04
-2.708274254579015519e-03
5.346760126680592980e-03
3.643841459195240086e-03
1.779114179635875011e-03
2.378526751270198126e-03
-4.432930278395417686e-03
-3.017710937990635521e-03
4.881424215108513993e-03
8.043197571234613191e-04
-3.643228126287248111e-03
6.454070080884468513e-03
3.834820391651810661e-04
1.116011836560752181e-03
2.962907693623763219e-04
-1.717575294746349554e-04
4.303752925502559237e-04
-3.553868322252102022e-04
-1.355293973418880693e-03
1.846508827813700361e-03
3.340237992558566719e-04
-1.124841962617115264e-03
5.107450434785722540e-04
1.403061290271319650e-01
3.438316208278915376e-01
1.152196444317157065e+00
1.816500102685739915e+00
2.184712171990067731e+00
6.264065971967546220e-01
-2.001812213276570607e-01
3.829377225955580832e-01
4.117699480506115117e-01
3.660890456560395023e-02
-8.885756668673576496e-05
-5.290028433000123961e-05
2.306031512553920997e-06
3.364318893882466350e-04
-5.427863895317144643e-04
-2.599484431712212090e-04
-4.564219884791110497e-04
-1.048299671366653311e-04
5.835990568044183813e-05
2.071318938738390784e-03
-2.555921689417342286e-03
-1.235312867155832078e-03
-5.029870739128226159e-03
9.092300295734047702e-03
3.567994505738706235e-03
4.469114008254703937e-03
-3.654157978743299406e-03
-1.717823259518989247e-03
1.081159899363770462e-03
-2.472713084142783534e-03
-1.985035276699471073e-03
-8.366804300980119121e-05
1.471956251052938109e-04
-1.654889199395838997e-05
-1.374541768593151049e-04
1.456130164751035655e-04
1.078737597612752655e-03
-8.073853523119188785e-04
6.784178025212927532e-04
-6.616105983708540624e-05
2.643974290688784132e-03
1.377092316246089762e-03
-2.287385152420458919e-03
3.059440445405042786e-03
1.985973028137028062e-04
5.109595074068289458e-03
-6.883898708252229924e-04
1.719563446805188241e-03
-1.624690800856059235e-03
1.323350363937451620e-03
-6.797443729236241072e-03
-9.503113232863796703e-04
8.954093634434014647e-04
-1.752553362482024441e-03
-1.788264559569521491e-03
3.660957286742278199e-04
4.567341215410644119e-03
5.651966637274952882e-03
1.509341616290292218e-02
-1.361787951796721453e-03
1.133396157973817417e-02
1.970061373335291882e-02
-1.231465411684619718e-02
9.655847798638945295e-03
9.072153950949051610e-03
2.266347292468806965e-02
1.406226614091288241e-03
1.320896166309113579e-02
2.804457490961473343e-02
-1.853532831684579288e-02
1.084316148217410666e-03
3.537366096512646520e-03
5.234481708828029288e-03
3.561930349277075730e-04
1.659092035856726257e-03
6.071839361351925694e-03
-4.476847650448479744e-03
3.023984907724053435e-03
1.261685427925462229e-03
3.793291846972017111e-03
-3.582262674145622692e-03
-1.539190296855518642e-03
4.126903357626211973e-03
-5.603037131222865421e-04
7.287917110404460407e-04
4.294591611136675501e-03
4.291252534030575577e-03
8.287218288965287358e-05
2.929122889050740294e-03
-3.610613829988113758e-03
-1.115536222271737129e-03
2.575287273753998525e-03
-1.674510563279978418e-04
2.061847926469857328e-03
2.464685905681651516e-03
-4.084118084135389274e-04
-5.390060162133514850e-04
-5.260646231611526541e-05
-5.602490118701718060e-04
4.157258846094775569e-07
-5.144158535036640664e-04
-3.229231290513331080e-05
-5.987543674860825327e-04
2.792061307448752633e-04
-6.658674582553086993e-04
1.479694200900946634e-03
3.308365550335425342e-01
6.846719965108875039e-01
2.236876625807469932e+00
3.784664536834220883e+00
2.643624273882356768e+00
-5.555519067609464984e-03
7.560124737748627477e-02
9.291268962253105279e-01
6.277916085780930189e-01
1.351076234931622988e-01
-5.353929782313572756e-03
-6.770340668432825275e-03
7.041025278838266730e-04
-1.147979127035585710e-02
-1.593283915240600521e-02
1.404423530377456493e-03
-1.865953851167862637e-02
-2.343393916896671300e-02
2.479860558668349826e-03
2.874855802863277715e-02
3.905028409076410217e-02
-3.132453756624991714e-03
3.391508029699256271e-02
3.148563246518461950e-02
-7.873394824310434720e-03
-1.162544381264052872e-02
6.505075126754763289e-04
5.647169232734563886e-03
-7.531541623385192528e-03
1.175127385502726558e-02
4.812825461775591465e-03
5.295434492086566712e-03
-8.080115994499656798e-03
9.305960135663713176e-03
1.180779379941662537e-02
3.002520944297115387e-04
1.479076507548263315e-02
-2.463112699271693268e-02
3.034182317588996966e-02
3.895033484739617025e-02
-1.591706083128237390e-03
5.183403529321065767e-03
-1.182645778256172925e-02
1.780012255202528121e-02
2.402231884065424150e-02
-5.246457861657341341e-03
4.498241052626182970e-03
-6.864387833153707055e-03
4.196767005842896164e-03
-1.043785423618203865e-03
1.280061199245791093e-02
3.229488278154532804e-03
-5.411401857566271179e-03
5.066353832809797689e-03
3.011163167504791148e-03
6.382311514788642157e-03
4.986377450426651876e-03
1.237895648474360288e-03
1.827704015303828608e-03
1.320965378189579162e-03
-6.621627308133579571e-04
6.502796371306616453e-03
-6.095450035474446818e-03
7.556276960824027771e-03
1.680414164308284726e-03
3.072635805131349821e-03
-3.462192498267817418e-03
2.872565086861610670e-04
1.795649627104792950e-02
-1.611970472309031885e-02
3.072058259329750723e-03
-6.511109772808870667e-04
7.015262488779903244e-04
-4.121697741785102648e-03
2.796023998388641636e-04
8.570876751416800152e-03
-6.971846002443833623e-03
1.488942867141553918e-03
-1.796206086990063651e-03
4.605440616926457435e-04
-1.254558865775752974e-03
-1.441524580963397361e-04
1.679089393076389726e-03
6.797244056452216628e-04
-1.543164683838121410e-03
3.420808193694515296e-03
-1.505063888721888060e-05
-1.365324644570015209e-03
3.074442890835957991e-04
-1.320424176181825152e-04
-6.121521754462652936e-04
3.267341328135280228e-03
1.007403775453690007e-03
-5.331596271399802883e-03
5.409813675289532053e-03
-2.592479191550528983e-04
-1.323405608474813211e-05
-6.665084062941482640e-05
-4.586696772081632674e-05
-4.504066593112735558e-05
5.246504432773530695e-04
8.368415533354638808e-04
-1.256122388271189430e-03
-4.753691338764989252e-04
1.287570274201540414e-03
-9.855622337661444025e-04
4.132468039249757169e-02
1.320625531544967479e-01
7.878197505599274231e-02
-4.380479080057188800e-03
3.351119457624229911e-04
1.111427826032991215e-02
-1.511900601456748171e-02
4.760004677167391143e-04
1.509672604602046650e-02
-1.921838344431676601e-02
-3.038483703765100259e-03
-6.321200850749917688e-04
6.110619480690482504e-03
2.145222935252060978e-04
-5.963231026966889919e-03
3.324990395859366444e-03
-4.313657243136794698e-04
-1.988093014725312354e-03
-2.456548651861544257e-04
-1.991428951327064382e-03
8.136569918020072250e-04
9.853883542164107792e-04
-1.916673677367691266e-03
-2.521544684011010396e-04
8.064185835877155225e-04
-2.341428630820357754e-03
1.488859753826695222e-03
-7.006354067463752043e-04
2.191731628478231411e-05
1.681260964994152321e-05
1.316231931901299139e-03
-2.531762616782178075e-04
1.078425588371409390e-04
9.596375416071148976e-04
-1.849701416224307010e-04
-9.883558922529249793e-04
1.176388293899537167e-04
-1.115633022562284712e-03
4.936020623894791029e-04
-8.887194411358487157e-04
-1.473481063611843450e-04
2.108644120923058689e-04
1.350167128589300168e-04
8.069297774488626783e-05
-2.693190905595679564e-05
3.650236803308930938e-04
1.285988535505584165e-04
3.696891288871593855e-04
6.243776715006938783e-04
2.620917347909567806e-05
2.620744150981674258e-04
4.228479488410186171e-02
1.298526992426762561e-01
9.346008506177783115e-02
1.660350128281502802e-02
1.205352975148724949e-02
5.959105228335374177e-03
1.168274618722897965e-02
1.780918237256483988e-02
9.130356409631381828e-03
1.649836400189297336e-02
3.365311416827061752e-03
3.642125822210536597e-03
7.541290283634555919e-03
2.275088375752768507e-03
2.381225137397070118e-03
8.939558984739491999e-04
4.714024972021693856e-03
2.170104611915221575e-03
2.927994222207628335e-03
2.361390726943138167e-03
6.248615085444243376e-04
4.931508006040447034e-03
6.319487858581742312e-04
7.510379723593052688e-05
1.384873897062574837e-03
1.198467662786858534e-03
9.735839517376334521e-04
-7.984250189669632675e-04
5.961774602711864338e-04
7.610094093626988947e-04
4.396285487467024421e-04
-3.546894070240217377e-04
7.246297120262496644e-04
9.020260346783489508e-04
-1.410198738176516860e-05
-1.032617039426252597e-04
8.216847744899705716e-04
-2.592647299726161974e-04
-5.060753108280614592e-04
6.420775833942726817e-04
-5.053831348805004143e-04
-3.500893020417838249e-04
-1.110456493510263642e-04
-2.133564323425580708e-04
-1.351506737254540660e-04
-4.695910770589843534e-04
-1.573747220290875820e-05
1.825795747785359253e-04
-2.059384970578278325e-04
-2.486763640295064923e-04
1.120724928165111852e-04
4.072208188034801696e-02
1.249006451064634537e-01
9.430778565750781717e-02
1.291262665251618688e-02
1.593272120802393874e-02
-3.132111300737117640e-04
-5.361305750878353656e-03
2.576952565546634238e-02
5.943148648994261421e-04
-7.882154253966992125e-03
7.701763993100901352e-03
1.787491221215940090e-03
-3.674856696445087580e-03
-8.517226970223372158e-05
6.297499892808788185e-05
-2.257021469694374654e-03
-2.980155550969824409e-03
4.653544725286179982e-03
2.775203222822897895e-04
-2.628503954288135733e-04
-1.731180089161966570e-03
-2.934650534122966795e-03
4.754941801805279665e-03
3.309957828188461477e-04
1.130650048380326056e-04
-2.304024718149754022e-04
-4.403360159089816993e-04
1.437960617630927584e-04
3.040174360570710598e-05
-1.746363990004571991e-04
-1.567536228966599603e-04
4.601616845004383193e-04
-5.071834167058414085e-04
-9.514236736960506209e-04
1.110129346230550587e-03
1.605950352358403446e-04
1.672134907371467601e-04
4.255550333554223067e-04
1.916855801819084622e-04
2.460541528880146392e-04
2.107348710238934929e-04
1.835556409162317486e-04
1.381998930165425591e-04
-1.195784561931461820e-05
1.599893422375726481e-04
-6.375944640516364537e-05
-1.546653619432291694e-04
-2.953419954757085554e-04
1.081658649438146697e-04
3.205470857449943490e-04
-1.085344705436294390e-04
3.714343172696597806e-02
1.224885376870976789e-01
8.810984400054217014e-02
1.232113270192140668e-02
-5.874529074524788980e-03
2.319152318764394066e-02
8.173144517630761413e-03
-7.655920926166100496e-03
3.304557261203708296e-02
1.153275898701357910e-02
-3.703494738085467627e-03
1.119211922213727596e-02
4.639640062292997580e-03
-4.138776313442332246e-03
6.052748180740892894e-03
-4.021834978682099944e-03
-1.301344166495773617e-03
-8.357556380772394877e-03
-2.446002609447713722e-03
4.214954083549693996e-03
-2.926074452414797761e-03
-7.548230730965334442e-04
-6.117101061559365900e-03
-3.564182410050713702e-04
7.438955608059827666e-04
-1.624383471835500760e-04
2.493242401282637225e-04
-1.035838072113645864e-03
-2.527413873819005490e-03
-1.139901210004017019e-03
-1.250721421308957117e-03
-1.879414186191631165e-03
3.467681586299565123e-04
-2.367751984221113867e-03
2.202853143845117517e-03
-1.700813643378086071e-04
2.572613201005360863e-04
6.021253760628562560e-05
6.642293415746142280e-06
5.493144682968163973e-05
4.852454041748520815e-05
-3.016015128926866290e-04
7.401441488468053851e-05
7.709668162236550616e-05
7.116359674947704550e-05
-6.251441665087278433e-05
-6.977012606510924321e-05
-9.680049980088314303e-06
-3.403264345621153985e-05
7.971996163553045584e-05
5.389353849626758006e-06
4.061246389617100688e-02
1.235423145186422267e-01
8.845298547671022471e-02
1.682089572624819937e-02
-1.203061862365765880e-03
-1.044170404583136605e-02
1.301128648900039264e-02
-2.156226648024932562e-03
-1.515062203597696347e-02
1.846151823256299632e-02
-7.659575535179746720e-04
-4.848862699348324701e-03
6.574123303716913023e-03
4.070430144393540626e-04
-4.851862911290940467e-03
2.349241209912515931e-03
-5.006636614497483135e-04
-1.873456740132865275e-03
7.413603781984484057e-04
-4.601552259937015561e-03
1.955918257158459524e-03
-8.047069514277440739e-04
-1.924605426360215818e-03
-8.063620973021625859e-05
-4.895071326939395232e-04
3.807370927213587727e-04
-2.829520504137205046e-04
-3.597999145267914830e-04
1.616459466555196273e-04
1.201167987377469093e-04
-1.192304655696034077e-03
-4.515518100472785902e-05
-6.537477963361908509e-05
-8.975762215325947587e-04
2.552715388960663371e-04
2.274830559588076327e-04
4.230832798086601163e-04
-1.035789520344809029e-04
9.632660651618737025e-05
-2.149337325242141892e-04
1.199579582792755964e-04
-2.502040244508024042e-04
8.119893094275391953e-05
-2.818567503439142600e-04
1.233153100095422147e-04
7.096235041184648735e-05
1.633912552793515937e-04
2.737618047568039038e-05
3.910580684933666405e-04
-8.993997171922809316e-05
2.220308875127485079e-05
4.058537638078211357e-02
1.237695105039167132e-01
8.925021477472608322e-02
1.712488748453458789e-02
-9.309078406766594510e-03
-4.599936437779182478e-03
-1.316541118904862410e-02
-1.371195364519273846e-02
-6.874693249244054512e-03
-1.891489917322793438e-02
-5.599819938718484692e-03
-2.156079067393189101e-03
-5.657207968297820432e-03
1.586628074333730444e-03
2.198223747896357709e-03
2.501272531430310912e-03
4.250572899541873485e-03
1.094901195549239465e-03
1.627589409175410383e-03
2.169552676472653440e-03
1.851058591561889144e-03
4.360546478346142077e-03
1.347445408448398217e-03
2.356948035746860644e-04
3.479317087825481154e-04
-1.413805543454945345e-04
6.051384790175741608e-04
2.049677988824487643e-04
-3.039748124838157275e-04
-7.451700555193015814e-04
-4.901682186362838010e-04
-1.380321225307521284e-04
-9.850371658855605183e-04
-6.236224540601134018e-04
4.987674489228237910e-05
-9.182815666732234677e-05
-1.093549922368178121e-04
3.665120038933972745e-06
3.545896951500557802e-04
-2.311483974654535655e-04
1.333803126810251762e-05
-3.917574642964912921e-04
1.574325260512117529e-05
-1.377262535748737340e-04
-2.907587240779810692e-04
-1.939693605518095446e-04
5.455867517640786721e-05
-1.259010206461437162e-04
-1.761161517268360977e-04
8.763867428116047821e-05
1.933274224329835052e-04
1.405392103132787895e-01
3.435183474937423820e-01
1.153368197880144885e+00
1.816099754158687851e+00
2.187071418321435257e+00
6.240136897662225124e-01
-1.966576536851287194e-01
3.767385038890586069e-01
3.900432043182665565e-01
1.052804607503801670e-01
2.825482385281478416e-04
2.507670748233306840e-04
8.168967343549130131e-05
2.476269868971786147e-03
5.863088522687981896e-04
-7.877542700581307720e-05
2.847618451445786680e-03
2.218940046230681584e-03
-5.659714215794183807e-06
1.790430717925347182e-03
-3.607282186401990914e-03
1.448910549629910463e-03
-1.250664144872371333e-02
6.624032336507309181e-03
-5.465957477610677157e-03
1.103352218439087500e-03
-1.387154231326111382e-02
4.462141777162293051e-03
-2.258087012409614250e-02
-1.582150982569226552e-02
6.873258964826414220e-03
1.205158465503106341e-03
-2.900530366262899689e-04
-3.598219588523254701e-04
-3.304584181548073291e-04
8.394196484552327552e-05
2.927681644163937589e-03
3.034718869924012759e-04
4.877594948283291263e-04
-1.108438133395669295e-03
-5.641202666663259428e-04
4.920903534667649473e-03
1.036819005991459304e-03
3.294280971770787228e-03
-2.260943072802568295e-03
-5.334870483620820711e-03
1.024829368171336665e-02
-1.428949435923400129e-03
-1.475853914883487605e-02
-3.812119142945678395e-03
2.230322298128068620e-02
3.055358439085498201e-03
-2.955983136416843451e-04
-3.384393345896225588e-03
-4.292412026929265899e-03
1.236437818769759464e-04
-1.733162445018570849e-02
-4.877403886278591305e-04
1.861055512969718700e-03
-2.267588678693802096e-02
3.039191042786099865e-04
-8.342114951976152938e-04
7.092658375989656892e-03
-3.389161041772374705e-02
1.672989562227401514e-03
5.465535609530952285e-03
-3.520573871122226195e-02
5.731117966140253503e-04
6.875083299655597793e-03
1.502629104447857772e-02
-1.560883088612430476e-02
1.000734385150132359e-03
-4.317644478783211684e-03
-5.122830356823445015e-03
3.128268327915023281e-03
-6.982660412619329238e-03
-1.460042948696258207e-03
-5.148537397598506107e-04
-8.138067627541753501e-03
-5.859110797509593576e-04
3.889470090276360621e-04
4.168380514870949870e-03
5.676174661948987354e-04
9.482257594223014068e-05
2.629957139353742129e-03
-6.840461088202677955e-04
2.661470256567340705e-03
-8.343990196993389397e-03
1.902828867327787353e-03
2.131424225053435775e-03
4.781639608112312964e-03
-1.854007506560213878e-03
-4.432411744555718111e-03
3.318792448119094012e-03
-4.121153320337858086e-05
-1.573161826449880106e-03
1.247265431899946097e-04
3.400520985319677170e-04
-9.123935252637630985e-04
-3.062204157601669681e-04
1.688982357894858611e-03
5.254946462578946858e-04
-1.433649382611930801e-03
-9.630217925909519572e-04
-3.937210495328386396e-04
1.246119279025953777e-03
1.400250499232719437e-01
3.445837653242754262e-01
1.151171179685166024e+00
1.818446221293102516e+00
2.182998806388432911e+00
6.282451181012702612e-01
-2.058419500653030643e-01
3.966626447148323686e-01
3.979109881913272528e-01
7.964943001263888669e-03
1.820440231525426210e-05
1.837225349789677964e-04
-2.164353579074456617e-04
6.889672210173715785e-04
-5.808481901353575107e-05
-6.010248425337998048e-04
1.019622745023744063e-03
8.011926613790622438e-04
-1.262447155466786671e-03
-1.948706430009144747e-03
-9.079315335911230600e-04
-5.363432064325668932e-04
2.206281255561439239e-03
1.698364366775310811e-04
5.221688756250039525e-03
1.427378461122094698e-03
-4.262357838532866011e-03
-2.962056641882979298e-03
1.083136479984548109e-02
6.567955219694456958e-04
4.470038754062401025e-03
-1.726195828775769559e-04
-2.174783022295892086e-04
1.199927912003630784e-04
1.425654618495588019e-04
2.845344039798645042e-04
5.012323561733833229e-04
9.751190645304398154e-05
2.298669641499832134e-03
-3.942745018419888765e-04
-3.651853566597113346e-04
2.477712249701243810e-04
-7.473968294936545343e-05
3.290771408230431291e-03
-1.126083507749467199e-03
-2.052061650970358770e-03
-7.408316865044047538e-03
2.153272380667961040e-03
-5.774091409318121357e-03
-1.108643196322980527e-03
2.310029011259238669e-03
3.074106824847972538e-03
-1.625206678042296054e-03
-1.343249225319917807e-03
-1.899558727291166503e-03
1.957566438985357282e-04
1.505216506397970277e-02
1.412019188220395467e-03
-3.121384478343364102e-03
2.347315360544304647e-02
-7.383401133789543186e-04
1.790589472870638679e-03
-1.305577840543867274e-02
2.347686358842477478e-02
2.503582813091396585e-03
-5.449474651863666502e-03
2.737176972816482076e-02
8.361110777214920617e-04
-1.876793834023566870e-04
-1.941776817690012147e-02
2.418684659797601475e-03
-1.576334357621323595e-03
-9.667064895418608353e-04
6.140708322109713832e-03
3.508436909202889819e-03
-1.725628548068177098e-03
-3.449718149604173723e-03
-5.564753683918173370e-04
-5.378309523462764842e-03
-4.742808453170387442e-04
-7.027348484113241566e-04
4.127176083125602517e-03
-2.143917420198196942e-04
-7.241335213957337310e-04
4.451896872329687976e-03
-8.728263484364543259e-04
-1.002147830473749555e-03
-2.735553253629708758e-03
-3.019505879541816374e-06
-1.878479380638148561e-03
3.791628269379534316e-03
-5.854295348919352640e-04
-4.332342983251790736e-04
4.188649250681886725e-03
6.336271010040596049e-04
1.141745076348295524e-03
4.929078021864763187e-04
-4.863211264206573166e-04
-5.743013374925063155e-04
-9.260305577023807187e-05
-4.078079635322186865e-04
-2.369604423982464353e-04
5.478970659449389517e-04
1.369481303533407422e-04
-6.687383887311117462e-04
3.634058323169370185e-04
1.426831240084610042e-01
3.391867934834809084e-01
1.162704833151061878e+00
1.808166759755399200e+00
2.205339900877199888e+00
6.139118441006384819e-01
-1.899673212881326789e-01
3.673562905229217912e-01
3.212357658569350294e-01
8.926319414874270275e-02
6.199795606530501303e-04
4.715388813094595712e-04
-2.111972964943416829e-04
-4.987755111352326848e-04
-5.946479364359245857e-04
1.251515093303442799e-04
2.556729287325595380e-03
1.903784678069181911e-03
-8.416819382238085881e-04
-9.331938198312428453e-04
-1.282158067621464890e-03
-3.299811568388966577e-04
4.554726984218962667e-03
3.442712258064762817e-03
3.438874462049604274e-04
-1.994427494618137772e-02
-1.218493901764724531e-02
1.392855853116643870e-03
-6.035998879510862808e-02
-4.278396573803450870e-02
2.476218928037142789e-02
1.445203196413496084e-03
-3.013066972908892346e-03
3.172701971643454274e-04
1.236814223740872326e-03
1.798228899079055585e-03
3.665231048400266131e-03
-6.564121168001141662e-03
5.659814188833537990e-04
2.813794182388237863e-03
4.407424837651870674e-03
1.181888764113806986e-02
-3.274110724628137570e-02
6.483038215440606322e-03
1.735905278834617288e-02
1.731710492703134041e-02
-1.525403443053376367e-03
-3.173764116476897323e-02
1.565908805019989095e-02
3.835114277730939519e-02
2.415549638491598303e-02
-9.020304655241832836e-03
-1.133290609113584563e-02
1.105920505756455112e-02
2.022880522381632212e-02
6.184772426002922881e-03
1.168671132046546733e-02
-7.654009473870479995e-03
-1.331285808938312450e-02
1.392717203917039764e-02
-4.193592930959013330e-03
-1.858617170054091203e-02
-9.207588289076827637e-03
2.195724877017404125e-02
-1.233337638375733326e-02
-2.633557516620603153e-02
2.665821409322162439e-02
-1.083939924874238910e-02
-4.017399239651476411e-02
-1.652221647829258191e-02
1.004927220594973442e-02
-2.996861302449365435e-03
-2.349401997797723185e-02
1.928212591508781173e-02
-5.808653176705272370e-03
-3.428912915612040285e-02
-1.308738214604495721e-02
1.420034461758877152e-03
-6.605412261032938062e-04
-7.010656336860042340e-04
-2.280123553050255551e-03
-2.035376062600839208e-03
-7.772974079494849925e-04
-1.924728902945095545e-03
3.965624487507727822e-03
1.052741237494017124e-03
2.567779292301061896e-04
-3.295331072467677560e-03
-4.043319315155327262e-03
-2.044224181819421799e-03
-1.369316065251969172e-03
2.511155992209679593e-03
1.891899383012054419e-03
8.194781183125281806e-04
2.123354698959092305e-04
8.660456713574366232e-04
4.952823773576374260e-04
1.534050461312652701e-03
-5.415859312198530997e-04
-1.602862128235128499e-03
-1.047793043213501559e-03
2.280141011130489611e-03
-1.737883784435563126e-03
-2.877915262664684694e-03
-1.037243797839671692e-03
-1.387131770609400508e-03
3.305142245389454669e-01
6.863054392785358226e-01
2.236603361958016123e+00
3.790803188917061028e+00
2.644118351007191059e+00
-7.406469127807982673e-03
6.942157939066963268e-02
9.450657544081031425e-01
5.775030023552777392e-01
1.150840720117220217e-01
1.639290136127551648e-05
4.036161752235029390e-03
-5.942323812932565237e-03
-4.433413216387029586e-04
8.863820676283228756e-03
-1.349440250987992730e-02
6.674285640039584932e-05
1.391312101591197885e-02
-2.052860586603564436e-02
6.867130422104524012e-04
-2.475817400770593049e-02
3.695648379381895332e-02
2.887592341720891949e-05
-1.669979264644831651e-02
2.541747658288948108e-02
-4.747868581480117235e-03
-1.819237554540676857e-03
-1.196571216266377859e-03
1.348148464296665232e-02
7.816487003647452783e-04
6.414219613092014306e-03
4.959191080683574351e-03
1.477384622066026283e-03
-6.196374512964880794e-03
2.321114083201345542e-03
8.436221757634010041e-03
1.512467507108438379e-02
9.741729709463759629e-03
-2.169510054955847353e-02
4.651238790471827131e-03
2.532446741746236310e-02
1.108888963977155452e-02
-5.864379619652709645e-03
-8.662261735831353407e-03
8.353377757410244270e-03
1.863245285963771938e-02
2.811881614656610781e-03
-9.573595970853769621e-03
3.086381406705758501e-03
3.912879539688461639e-03
3.916773692105485032e-03
6.139779724055342315e-03
-5.610338999549442651e-03
-1.216107061562223977e-03
-2.261150676297858826e-03
2.450897400758574388e-03
-7.944024513480042607e-04
1.172479430278912903e-03
4.866923910352412806e-03
-1.415880014199108038e-03
-8.646063263868150042e-04
2.827518721430552669e-03
5.176890745985258122e-04
-3.304935059255133516e-03
4.816386052589818542e-03
9.441967604781663012e-03
-5.720009515901851478e-03
-1.290109112547720713e-03
7.483674332693650462e-03
3.208247145233181826e-03
-1.506268135437542318e-03
7.516616861598888208e-04
8.481566486006007419e-03
-1.989914083468158779e-03
-4.600015743911075152e-04
5.351293932101663237e-03
2.071602005104245501e-04
5.349606320157974590e-04
1.035312257244308358e-03
-8.680222623465575415e-04
-1.591139540550387532e-03
5.590352304035688807e-04
7.162118881242559860e-05
-1.679557479153156530e-03
-1.069829161629648907e-03
3.615469951642991358e-04
2.572861233293218691e-04
1.918852390946854721e-03
-9.414411706659796134e-04
-3.138880418803818156e-03
7.766186642677966085e-05
7.292107034175420615e-05
-3.243666405186123019e-03
-1.075875404451081575e-03
4.187356848543078618e-04
1.802746790449139962e-05
-4.567198514021164136e-04
-8.912486919032191557e-04
1.291754352409636404e-04
5.055607269667890171e-04
-1.075322573293432450e-04
1.404357221283120962e-04
1.013922749267572032e-03
4.736340412385190682e-04
-4.305892610592439856e-04
-2.489568884057937479e-04
3.302470639098244454e-01
6.869404331298603061e-01
2.235583214397280472e+00
3.792012829195862800e+00
2.642382539106446160e+00
-4.956907245716503548e-03
6.643728569666199069e-02
9.502754802687467528e-01
5.698141546450441464e-01
1.087940365366487361e-01
6.222454864652557545e-03
-1.221428514298527528e-04
3.485886614172092630e-03
1.374663357579841184e-02
-5.938865540586506968e-04
8.037823031523238376e-03
2.151484615172769704e-02
-4.123686027322071143e-04
1.204583321835927222e-02
-3.846303418774160016e-02
1.100440517931678070e-03
-2.203506428967684505e-02
-2.479193145384717134e-02
9.281078026566135473e-04
-1.439776546185885832e-02
-7.171722109712922941e-03
-2.740524775046140806e-03
4.972816078036901071e-04
-5.419585857916594737e-03
8.257090636490205943e-03
-1.092792737028872203e-02
5.298580575212688028e-03
-7.850290483434574709e-03
2.098720507680099448e-03
-6.697818356185324638e-03
-2.492602681639829662e-03
1.654866238712424456e-02
-2.136881629033536220e-02
6.025521979056133737e-03
-2.501648335716552193e-02
-1.146355868781617597e-02
1.190474982005460675e-02
-2.083330557478644748e-02
4.738157217336274631e-03
-7.040818237076709729e-03
1.248331940083741631e-03
3.513282388632236585e-03
-7.539493616957503724e-03
2.624528105502255040e-03
3.957225808260290273e-03
3.350526193520061459e-03
6.160678882799563646e-03
-4.217011231697366698e-03
-1.088096519168007831e-03
-1.030059548346122468e-03
2.791514579713735931e-03
-8.662895634004197550e-04
-4.653533020100100465e-04
1.274549672884845157e-04
-2.604125273896246498e-03
1.270657704754912321e-03
4.583112257125495671e-03
2.742278731746321859e-03
-4.782819916391455560e-03
6.397797446084961873e-05
3.072956202307481482e-03
-6.007304627495282934e-03
4.800902683582082553e-03
1.014263401366580913e-02
4.430811038367710696e-03
-3.266816246128212073e-04
-5.637416220120339836e-04
-7.931325938781330263e-05
-4.132454374678019328e-03
2.146926781139882334e-03
7.497955245395981037e-03
3.961373314002555532e-03
-9.783293877658587063e-04
-3.644645914028322498e-04
8.283904793010921173e-04
3.924779520069985326e-04
-1.073215260621682415e-03
-8.345457337553351508e-04
1.307567308444995604e-03
1.621043498067482403e-03
5.774929510148414007e-04
-1.006335995920972773e-03
-4.838892941397873303e-04
3.733313389631138374e-04
5.331729529516996986e-04
-1.862255483239352990e-03
-1.782128956717452884e-03
2.501511068363761366e-03
3.316619210880793114e-03
1.318666349242724389e-03
-3.759426866289494848e-04
-3.045135845673756963e-04
4.101110050123267666e-04
5.283900576764270036e-04
-1.207687141343339023e-05
-7.725210580606994490e-05
-8.200293561906849167e-04
-2.343778604292871142e-04
9.164247428361830747e-04
8.148282908795567410e-04
1.651378091379782868e-04
4.154595745534541557e-02
1.262128508813601113e-01
9.048433885069927241e-02
1.562125385313081413e-02
2.341244472973321236e-03
-1.539684369094599173e-02
-5.784171009103531574e-03
3.332052800452658860e-03
-2.329542669463747356e-02
-8.963378614664372496e-03
2.358817914901642759e-03
-1.126308999972661790e-02
-4.738418669044021023e-03
-1.154625528328176616e-03
3.272503267801924690e-03
-1.711589724659252432e-03
-9.264910855005868522e-05
-4.291228727544270719e-03
-1.085037904645234225e-03
3.196213901904782460e-03
-2.096229683964053164e-03
-1.580740685540167785e-03
-4.411406425231172851e-03
-5.520065000465067652e-04
2.199265835523732393e-03
-1.068767212543543293e-03
-1.099247444838564666e-03
-1.436763949350488385e-03
1.157108902310168431e-03
-7.517902004846155459e-05
1.890635111607229094e-04
7.451934749524960662e-04
-1.139366878057444354e-04
5.628990095091561093e-04
-5.324934079166575773e-04
-3.333702642159950451e-04
1.129423285763272913e-03
2.671043903281521744e-04
-3.435185592520016012e-04
4.527956809537879630e-04
7.517623695919103564e-04
5.034545872216106060e-04
-4.362898094761459675e-04
1.151841998391361384e-04
-2.838466631562393196e-04
5.467613460424879503e-04
1.344479446490171265e-04
3.753975717871414238e-06
-9.412294417163698311e-05
1.505097818674254025e-05
-2.587986816453735259e-04
4.172098756958297905e-02
1.266266481388499121e-01
9.648555161595172291e-02
1.577792502999263852e-02
6.611720829075020626e-04
-7.038232956659625384e-04
1.662974494878230111e-02
-5.356839692567771753e-04
-1.842328242044316078e-03
2.626076554757213535e-02
2.138742838298181206e-04
8.034158329457957021e-03
9.240144492979171856e-03
4.286738643883022211e-04
-1.104385798020773206e-03
5.902797981577351076e-03
5.051776390291706895e-05
-1.024729182408962467e-04
-1.063275233484724637e-03
8.783277572217539769e-04
6.017080509760032100e-03
-6.967478928934753594e-04
1.390347150274066522e-05
-1.826439271074446270e-04
1.581381700057509117e-03
1.831331712351518546e-03
-5.312402737702805232e-04
-6.288290063835853035e-04
1.366361139409591637e-04
2.760877144547985466e-04
-8.313693455244538448e-05
1.554568184141355688e-03
-1.413898682446167849e-04
-1.162149815247918994e-04
-3.458320575030319772e-04
-3.571818170908234221e-04
-1.005201641293751230e-03
5.409552012134905040e-04
3.524094196417874988e-04
5.545238519698589090e-05
6.868625192592681496e-05
7.058325587689466812e-04
-1.041637221405144451e-04
-2.673932787239956450e-04
-3.526839932673674549e-04
4.644332586247021562e-04
-3.337419583880813813e-04
1.543510939772877301e-04
-7.869528529707404903e-06
2.873180189790572607e-04
-7.642107426467231192e-05
4.109918018286620039e-02
1.234397369484340340e-01
9.563085699529312589e-02
2.285924026818509508e-02
7.925084721245069519e-05
7.567724276691905998e-04
-1.680476795045181965e-02
1.274991827714608717e-03
1.973216792890951973e-03
-2.689324496708618215e-02
2.070932640856922805e-03
5.022309609792724970e-03
-1.507625286449054171e-02
3.184427768688810720e-05
-8.260813259888722564e-05
5.648802110468239233e-03
-1.029289932543897921e-05
4.407392807334450317e-05
-1.205884236711569457e-04
-1.715921429435211375e-03
7.002496130190842896e-03
-8.021220793460906266e-05
-3.583189627096498939e-04
3.568953069232841824e-04
-1.741656956905144812e-03
2.413721438392596279e-03
-5.143203966682126762e-04
-2.368488774283279447e-04
-7.575310337316522996e-05
7.010718520348188892e-05
-9.173127342750885828e-05
-1.434861655287926301e-03
-3.886215649232702639e-05
-1.021499614427541871e-05
6.486616917214768391e-05
2.427061359130496443e-04
-3.306041368752818009e-04
1.028743794359199444e-03
-4.866014422864466419e-04
2.329711462728343695e-04
2.178320208550106954e-04
-2.664606212591089833e-04
-1.207235411022294289e-05
-1.104595517469404746e-04
1.446986606232775337e-04
-1.269134973758475216e-04
-5.773716276679612515e-04
-1.026899167347985114e-04
-5.784149144395924158e-05
2.083649896716761798e-04
-1.517782588752528342e-05
4.193990693297240668e-02
1.277225855439749758e-01
9.755388036463726043e-02
1.771360710340098496e-02
-1.109799980439206413e-02
-1.094801783518760396e-02
4.687780388387450571e-03
-1.757160183898784367e-02
-1.837144275900303922e-02
6.145806418007543695e-03
-6.003696772456890325e-03
-3.458780313901741680e-03
2.793688948797345712e-03
4.668999850469838717e-03
-2.243263196640809219e-03
-2.214758676073738490e-03
-1.776088490934206151e-03
-2.881531430080614786e-04
4.839226550200791468e-03
-6.398757106270012898e-04
-2.388492616413093617e-03
-1.860671624511322370e-03
8.782779364698193409e-04
1.900963972889420101e-04
-1.083729052814114482e-03
-8.561017705229509531e-05
4.509920737009473035e-04
1.241889600452180742e-03
-7.170674963729450771e-04
5.025644992977562923e-04
3.879044614708397902e-04
-6.471951655959366344e-04
2.643540214133992218e-04
9.296481137664234606e-05
9.300057545406917791e-04
-4.584782497824333000e-04
3.990654839451689205e-04
3.941645691505670375e-05
4.576236093358465292e-04
4.165468127997297627e-04
2.293586895678820112e-05
-4.570199324959301596e-04
1.030708484961698849e-05
2.067573762558446766e-05
1.425658626738518834e-04
-2.153525770638707083e-04
4.385421095799107007e-05
-1.876345175005839430e-04
-8.595315233056130023e-05
-9.880568599849712979e-05
2.898482818964661246e-04
4.094977283371199761e-02
1.239518879964882914e-01
9.098335034736702853e-02
2.264392277723471097e-02
-4.205854071021054678e-03
1.477253829252175854e-02
6.107768638071654939e-03
-6.546819140010742312e-03
2.126091386028983524e-02
8.400734824238483001e-03
-1.761065672173272147e-03
8.404987166529461276e-03
6.036504845596953831e-04
-2.202890363994703619e-03
3.401573825081068755e-03
-1.442669250334407439e-03
-1.113834902253459623e-03
-3.290957951692568672e-03
-2.724035764801415859e-03
2.591069061798034236e-03
-2.275253720387761681e-03
-7.163728445764005201e-04
-3.933475635744362181e-03
-7.763462849928375129e-04
-3.621275824134990718e-05
-8.043503961026972002e-05
5.776202581774637175e-04
-3.527002522144332113e-04
-6.770350121980938654e-04
-6.180750987215891112e-04
-2.572815760111758147e-04
-6.624469771789744761e-04
-4.036291628050152314e-05
-5.805847271706525599e-04
6.280721406633396186e-04
7.306605776368974588e-06
1.582003723011485654e-04
-3.148546628843041880e-04
2.074314447460927233e-05
2.656736134286776614e-04
-4.451305539220537489e-04
2.107051760996781571e-04
-4.944628723998064582e-04
7.080361945427665756e-05
1.224009633201752231e-05
1.163769483345598453e-04
1.302071760211673094e-04
-1.574847559516235631e-04
9.607049724391709586e-06
-2.148480703951558641e-04
-8.577056127336605510e-05
