1.399577238993012229e-01
3.445373738117655238e-01
1.150690780555888582e+00
1.817924075130992190e+00
2.181899841455534617e+00
6.286218368037094217e-01
-2.021697195006668113e-01
3.862266061332322309e-01
4.176266479867012382e-01
-2.280407774589513631e-02
3.578442727528028853e-04
-1.283550029075045866e-04
-2.602081609127830537e-06
1.530759149121720857e-03
-3.761323874225760587e-04
2.245597559055581072e-04
2.186432054902100099e-03
-5.859398641925879893e-04
1.228156990043758072e-04
1.856995293174716014e-03
-1.087804991837574252e-03
3.114883316640045929e-04
-1.199495906228315728e-02
3.993165568833023996e-03
-2.644305700569728862e-04
-1.021827170570368919e-02
4.993394129164692788e-03
-1.405327355656989588e-03
-1.695199836354414555e-02
1.288352394287470282e-02
3.805025086034064929e-03
2.783385242026420047e-04
9.585688424784345643e-06
4.390339463072421167e-04
5.981363246665277869e-05
-2.644738321307385964e-04
2.404035495904665535e-03
-2.289225973934253650e-04
2.785868229650178586e-03
7.827217257561418185e-04
-2.440513454661208479e-03
6.134163940546828557e-03
-3.517000643599053553e-04
4.337131940680240445e-03
1.249615848658045078e-04
-5.250623309693230531e-03
-7.941029088767426598e-06
-2.545516193271801179e-03
-1.930081299191335927e-03
3.791457029984745945e-04
2.746178259497952800e-03
1.587605633624498752e-03
-3.183564270930881084e-04
2.082929215125709204e-03
1.832054075377899729e-03
-8.031090525307351714e-04
-1.570741274931015258e-02
1.161419841590781953e-02
1.314408864986135565e-02
-1.376067541780145141e-02
-9.656811513086161619e-03
-9.644247752606189064e-03
7.376520580791009161e-03
-2.451155996447251795e-02
1.405272311241377581e-02
1.816352629359094598e-02
-1.689020936394155029e-02
-1.619795434639906967e-02
-1.230078917566573317e-02
1.271844452475458763e-02
-4.374590191118971592e-03
-9.775154809403572632e-05
2.438088963481195148e-03
-7.139536439920390843e-04
-2.604103191979103161e-03
-7.272628322114183799e-04
2.028739660342151075e-03
-3.846364777159832268e-03
-4.133744105019209435e-03
2.877884889473439131e-05
-2.285805459506946944e-03
1.357143236754542077e-03
5.016252476007705165e-03
-3.824868419156738329e-03
7.221738836018017516e-04
-1.016767313660757541e-03
-3.569738687788905074e-03
-1.748775844251333929e-03
1.534610682022416244e-03
-1.144302434793048823e-03
2.040823368705096605e-03
2.602122529184860544e-03
-2.708325500999087844e-03
-5.895039015849470095e-04
-1.349548490969778778e-04
-1.187308548774411747e-03
6.152863243481291287e-04
1.060649458592464230e-03
-6.747742002384135519e-05
-4.380602228106943640e-04
-2.267342583382592062e-04
8.048842221645448585e-04
3.568479424290441808e-04
-2.498234045906611413e-04
-2.444616203311999439e-04
-4.043840950272288527e-04
1.405219837590599985e-01
3.436729238616598736e-01
1.153643526443050238e+00
1.817746504397244278e+00
2.190014456389517861e+00
6.245919927235413782e-01
-2.133718304139375355e-01
4.227114508911579693e-01
3.264109584604362180e-01
2.743184986405499022e-03
1.833856667294228040e-04
2.872096469723882817e-04
4.854394806229237283e-04
1.305204854191266244e-03
6.748751611825556029e-04
1.882094945088650740e-03
1.937552108597508094e-03
1.520228594588229334e-03
3.127194241152284580e-03
1.509041125403054505e-03
-1.775867953229049497e-03
-1.139954441956068844e-03
-5.536887671081348362e-03
-4.017595378421298311e-03
-1.019879961697914804e-02
1.019639531785325356e-04
-5.308349476492635680e-03
-6.183006690552816757e-03
-7.654199685902437697e-03
-1.224076815884898861e-02
-1.829697241371534486e-02
-1.177330142280931047e-03
1.588467101598186498e-04
-7.397053488710511951e-04
-1.026628072388346318e-03
3.512612339737243572e-04
-3.495050466093183126e-03
2.820850135440099420e-04
-2.127117558208705371e-03
-3.305770102867289749e-03
8.550928534947244445e-04
-1.955007330220145945e-02
2.027492548232055422e-02
-3.408715653388375184e-03
-4.330394495816965172e-03
1.295393144387063482e-02
-1.035850024682294195e-02
1.058111386488288889e-02
-1.954904610059528865e-03
-4.803240583410731471e-03
3.822591428983077109e-03
3.013102335273075937e-03
-6.419188838155575477e-03
-3.550646012150337344e-03
3.546745894053173528e-03
2.944109626618822678e-03
4.266384947826691934e-03
1.951376760380319625e-02
7.069943277635354567e-04
8.996476905141582991e-03
1.766503996215682687e-02
-8.937844748740307295e-04
-1.232744299950620619e-02
4.309627204945534404e-03
2.429709794316370006e-02
3.332153064551645737e-03
1.072762336411349146e-02
2.157453259128113907e-02
-2.572531973361455915e-05
-1.406351814845984219e-02
1.932309691986332928e-03
7.462930552849413382e-03
2.463617378037340124e-03
4.854669047984589217e-03
7.599612619103662814e-03
-2.753753645550966259e-03
-6.693261459961277228e-03
-2.884436725286594443e-03
6.259233554780150970e-04
2.955852131258870658e-03
2.324873714212436892e-03
6.933590212007480257e-04
2.308915106462876635e-03
-3.370221041205756756e-03
-1.599007049081588782e-03
-8.432510103773064843e-04
-1.174758346315458220e-03
-7.600394891523749689e-04
1.057696298411587438e-03
2.230283085850509866e-03
3.565292693612984718e-04
1.404552315724710366e-03
-3.608991594300314017e-03
-8.941098437710767993e-04
-3.032323970009184809e-04
7.923569601087583668e-04
3.308338357004250350e-04
-1.757001279099397624e-04
6.919740240650608561e-04
8.475048703272985203e-04
-9.907807080979744857e-04
-4.908619552444834369e-04
3.552477989179353294e-04
-6.742253265264296774e-04
2.050925593341976184e-04
-5.977868847897051512e-04
1.412665361689068866e-01
3.418538524986929894e-01
1.156557808212461902e+00
1.813206733253515335e+00
2.195213839940534317e+00
6.191486429041012096e-01
-1.943559059351309959e-01
3.755549116289026435e-01
3.674720054206686570e-01
9.914802013023685245e-02
-2.357102746012863760e-04
-3.194923869826872109e-04
-4.948297418182603718e-04
-1.105178338214559504e-03
-5.825490179573578455e-04
-1.468056459544896412e-03
-1.808183719094027045e-03
-1.927271974133447016e-03
-3.269169217528771192e-03
-3.929294762442941090e-03
2.078860565377219950e-03
4.492603197647772025e-04
5.927129012717226308e-03
5.987275762884083398e-04
3.718957801229503049e-03
1.940174646330980815e-02
2.050839614033110429e-03
1.264989995605174215e-02
-3.117279107890619586e-02
1.342626770582542976e-02
-5.197652758160738732e-05
-8.410493256417339190e-04
8.318080712696526843e-04
-4.864471112741918326e-04
1.277638322511680550e-03
1.805112901853394040e-03
1.505830652646023753e-04
-1.067759460165669289e-04
-7.258852267176636383e-04
3.282009179916593571e-03
2.966289951363008329e-03
-9.817163223641216935e-03
1.741710340561314005e-02
-1.687183272071254717e-03
1.299105774174130062e-02
1.854038691368178199e-02
-1.388804852450722417e-02
9.026592138402053656e-03
-1.177736451566879783e-02
1.452911349779851917e-02
3.059447628040000769e-02
2.149700485472979573e-03
3.702839094855380798e-03
4.731306892085311664e-04
7.666603916715910780e-03
7.313933097561058951e-03
1.253265022005137751e-02
5.830631151256891742e-03
-1.028965185145122065e-02
-4.040491625628919552e-03
1.372486232179361519e-02
1.339867555192002062e-02
-3.435522230714293905e-03
2.442969234676827667e-02
8.191645368075407829e-03
-1.802676964500239329e-02
-8.791473382801650790e-03
2.569835597311360964e-02
2.457892696621390149e-02
-5.613932593150449193e-03
1.031147155089219038e-02
-6.034814932384110564e-04
-8.965779514037821099e-03
-5.036638419912869633e-03
7.790397872015126027e-03
8.455367135824919111e-03
-1.461746411503229374e-03
-2.267927117302783032e-04
7.934370256161860655e-04
-2.535666655864990144e-03
-4.015709744068989917e-04
-1.943566886287775896e-03
-1.406777061089729960e-03
-7.368420275550608030e-04
4.612081270121610489e-03
9.428333364929894142e-04
-2.214050869231437655e-03
5.353553287060227955e-05
-2.426507244535770162e-03
-8.578063106273438538e-04
-3.872593121663099320e-04
-3.301755695192269604e-03
-1.482679495374368030e-03
5.368187666906110156e-03
2.506661746728338757e-03
2.348228624774130382e-03
-6.908711546305452587e-04
-1.215767552448804995e-03
6.190980264566391805e-04
6.510840592235489326e-04
9.612849017338515089e-04
-1.837605481908705400e-03
1.581708266339946112e-04
3.105694537322020526e-04
5.418547502310680584e-04
7.198496024691928598e-04
1.407933949356451608e-01
3.428544927826428501e-01
1.154483008756362006e+00
1.815342014892629363e+00
2.190813650637629895e+00
6.226800093192066399e-01
-2.071073606825998004e-01
4.114960361601073813e-01
3.404985185772219647e-01
3.699089806131303226e-02
1.095840410762541220e-03
-3.693167962007561089e-04
-2.634422043433195848e-05
4.521347815545766549e-03
-1.718908213700043016e-03
4.082134512027485473e-05
8.127044032502743487e-03
-2.560752830890313490e-03
3.065070122862889818e-04
4.591986282903987287e-04
4.827162124504056880e-04
1.334319390364634541e-03
-1.692812359292253030e-02
7.806693149164939047e-03
1.772522748406962171e-03
-1.708427123478828760e-02
8.437629716109864425e-03
3.531007634052121640e-03
-9.270354374922082710e-03
-3.582991028538963507e-03
-5.524912109952572967e-03
1.728444380685525842e-03
-3.535031758042434706e-04
7.458982347843468507e-04
1.801750034928418414e-03
-1.065078993884184178e-05
6.906322333435162622e-03
-1.260211455814862214e-03
3.408947883861899314e-03
6.395988262464356693e-03
-8.270993294834019099e-04
2.498799252456554258e-03
1.878176805105670130e-02
8.154856243219875053e-03
1.683110661319114562e-02
7.213509525383508293e-03
8.554596270315097594e-04
1.251823031370283051e-04
-2.972558529022552038e-03
1.317855720466819258e-02
1.195921974221480014e-02
3.432610261286038814e-03
-1.569663232431257188e-03
4.612378758674712991e-04
2.389452069810076365e-03
-1.299293807942995252e-03
-1.099839726692431602e-02
7.608099257202273480e-03
1.375699085763623826e-02
1.109637351313636291e-02
-2.840962542361334491e-03
-1.639208628588224859e-02
-6.723676090168248347e-03
-1.473503173156485643e-02
8.938081352668518151e-03
1.694085905510715057e-02
1.304683604903665410e-02
-4.937751073179400679e-03
-1.979388672304824293e-02
-7.268878602466787714e-03
-2.751250229130688604e-03
2.628320806688961685e-03
1.923297641937531154e-03
4.118476286250030011e-03
-6.713664785437810541e-04
-3.909575712193373055e-03
-3.314239271499705604e-03
5.173007347349683387e-04
2.897651193032543728e-03
-4.689005044994891272e-04
-7.933774104870630183e-04
-2.387923784140416356e-03
1.533051297210028842e-03
9.357171878372803160e-04
2.324367058566692654e-03
-1.588287625825897473e-03
-4.157603248507845545e-04
1.693041326030416153e-03
6.885538905118078002e-04
-6.523699389672439923e-04
-7.137816220193116297e-04
1.002259473006369452e-03
7.503339914850077567e-04
7.093504170402406420e-04
-6.567006196756351027e-04
-3.136960652851436375e-04
1.171166211705049285e-03
6.914456996634947344e-04
-6.167441953455143032e-04
-2.280323824351336115e-04
-1.243622933193055382e-03
3.125011975964703498e-04
7.400451628310927323e-04
2.006849521374871176e-04
-1.386376195178215314e-04
-1.235412500077091467e-03
2.784182231641712524e-01
5.385026667438200798e-01
1.743173873847631672e+00
2.925941805436443666e+00
2.276818436145884306e+00
1.676088823512123516e-01
-8.429554656254173439e-02
5.832277108062788873e-01
5.115220402611618811e-01
1.090460665333343182e-01
3.343186955373048195e-03
1.621223667666739365e-03
4.178727424969825958e-03
9.294221181594087069e-03
3.766286582910681729e-03
1.031383458330453751e-02
1.385823598019644137e-02
6.721998373518222290e-03
1.732865521385658358e-02
-1.495605803834206167e-02
-6.963442629238472334e-03
-1.825461236971958126e-02
-3.295403090096898913e-02
-1.358923399824666506e-02
-3.691385551256162051e-02
1.679464126234624446e-02
4.345852345049466305e-03
1.425208580519748622e-02
2.534294245600965043e-02
-5.122186823872418131e-03
6.545776682146576750e-03
2.060701215535245753e-03
4.080731683196309190e-03
2.866021512755969041e-03
6.829281014380559657e-03
2.508920277594410553e-03
1.008394039937773705e-02
7.618199458095402735e-03
9.146546129325349231e-03
2.108544669500348259e-02
5.391305204289941616e-03
2.660722989225931768e-04
1.853260548634177302e-02
7.070689884073147816e-03
2.106177915901913736e-02
1.280417135819375031e-02
-1.490602221317273955e-02
2.291005145841498031e-02
-1.215434361041507283e-03
1.044102072158721584e-02
2.057079441546200149e-02
6.297132259059573696e-03
1.468235125173812314e-03
4.123603502289940534e-03
1.055564954498554656e-02
3.789198487451054479e-03
-4.098355206477588206e-03
-5.071578873632380177e-03
5.190508767327522630e-03
-2.166240032164166128e-03
-6.228973543920319871e-03
-1.653363502617808843e-03
5.530812650422825376e-03
-1.207107865547106876e-02
-1.570531880898078450e-02
1.438429170508279641e-02
-6.241088420606966461e-03
-1.947617503326453531e-02
-5.506603517286365324e-03
1.590657612315779165e-02
-5.371182321005485601e-03
-3.591087592696255108e-03
5.544679430318840731e-03
-4.843410278990945505e-04
-6.644134418086544008e-03
-2.346389531113609629e-03
5.086937417312094312e-03
-1.092367485353246213e-03
-3.047342620722225549e-03
-1.972434244128258747e-03
2.052214960811460896e-03
2.289357599656681572e-04
-2.935547426274000195e-03
-4.067316226974176073e-03
2.189823753939420040e-03
2.222641116890889355e-03
-1.561407006572980991e-03
-3.861198194064446084e-03
-1.904309992343951015e-03
2.814874003309786668e-03
6.071771384763855004e-04
-3.416772437863143524e-03
-5.179835187116661396e-03
2.216652920483393879e-03
2.906749995256779472e-03
-5.739774022344762330e-04
1.135044979209537115e-04
2.959431918574743983e-06
-2.736629978893095243e-04
-2.071889573229724365e-04
-1.833189275350898266e-04
4.847022221356980147e-04
-6.930902913672015719e-04
4.178979561325098365e-04
-1.387760422864409105e-04
1.369377332015267077e-04
2.776227146969547088e-01
5.374821081199503414e-01
1.737876849419056624e+00
2.917417993708789403e+00
2.267201617998079399e+00
1.794952626265308993e-01
-8.082222522159486500e-02
5.786617786836560917e-01
5.387271044781831719e-01
1.184676652806226638e-01
8.651794068687014008e-05
3.132073430987726575e-05
2.682662539541523267e-04
1.584157613718077760e-03
1.822706808060909744e-04
1.381416117834888659e-03
8.165890069917043593e-04
1.136359251453021552e-04
1.339067967482502090e-03
1.858390347753578937e-04
8.920087648575232521e-04
4.583675156685136382e-04
2.124722146734649066e-03
-3.328048890258502018e-03
-4.387758068617836522e-03
-2.530067550196778495e-02
4.018247624316468279e-03
-7.306784153079928269e-03
5.779992410864304674e-03
-1.048715052356448928e-02
-1.409875562097371096e-02
2.132749896079688505e-03
-2.686564702625386051e-03
1.816741820894747603e-04
-1.452301639855149576e-03
-2.288236140766734990e-03
9.413690870851691705e-03
-1.424043811556595547e-02
-6.351187450376343966e-04
-5.171725204491758009e-03
-8.499885726198272082e-03
3.186798283503813976e-03
-7.059467279184277301e-04
1.381825028428814578e-03
2.400521834285686187e-03
-1.821076815410124382e-04
-1.366137227738699854e-02
2.116954034062314138e-02
9.369579679637004936e-04
6.095922793992238423e-03
1.284549295895918812e-02
1.681736672744517293e-03
1.102819326076495687e-02
9.389321542906687440e-03
-5.461332975357548365e-03
-1.153806246421726182e-02
9.536345735676114536e-04
-9.925513920583415445e-03
-4.781197207417853777e-03
-9.365461170860300139e-03
-5.239128114776065402e-03
8.981369444337552327e-03
9.679841619212588982e-03
7.778151375162583800e-03
-2.764212128621169190e-02
-1.438838753123546955e-02
-2.349943111395987744e-02
-1.110191807998969771e-02
2.056317256721451950e-02
2.103512897482186228e-02
3.979212695939776494e-03
-1.304098714198369084e-02
-9.503810689793451214e-03
-1.212974182144786403e-02
-5.599636677926999977e-03
1.209287813716280330e-02
1.133847369935186110e-02
-1.882924221390476710e-03
1.675647675633564230e-03
2.068275515422135589e-03
2.981655367895116328e-04
-4.704450212035193543e-04
1.369528775415659047e-03
-1.263462075464514872e-04
7.438766783044136995e-04
-5.617315540443627896e-04
-3.852610395988750706e-03
4.071989891891971552e-03
6.200216460178915520e-03
-1.862950266319044498e-04
9.533645402822202774e-04
4.427377445648142222e-03
6.176618617757061690e-04
-1.971766808750231078e-03
-2.297177338436881891e-03
-5.858892523833799564e-04
-9.844128867634144547e-05
6.403716742524189105e-04
-2.043288231829322257e-05
-7.378681138287974386e-04
5.730526924596448558e-04
-7.658576288726726014e-05
-1.595528790961099055e-04
1.069793388327045956e-03
3.488174472237451427e-05
7.578833013602854617e-04
4.010801305768930958e-02
1.262360699785947393e-01
8.603746767290162967e-02
1.530643835943792767e-02
-9.484422485837040034e-03
1.115846004435032228e-02
1.217283564177678960e-02
-1.322408773366085671e-02
1.623072786541243998e-02
1.758813373767138116e-02
-4.076225554083569118e-03
7.685669091394402470e-03
7.166095257427638164e-03
-3.558386047750341195e-03
4.446129773276852326e-03
7.651823258908910892e-04
-3.701785956378834171e-03
-3.087450592125111685e-04
-2.900516329383243889e-03
3.192912336903162493e-03
1.386694779326628569e-04
-3.861569550023156387e-03
-1.533739406954361811e-03
-1.103812613567008855e-03
1.253491526502151579e-03
-1.654511710042940164e-05
-5.150482337471451672e-04
-4.980270576338976076e-04
2.201886603591292899e-04
-1.282986702227215028e-03
4.735756310841054972e-04
-5.747424718737636357e-04
-7.131749918391484767e-04
-8.062380212288099168e-05
5.342487590713328877e-04
-2.670873363170217030e-04
1.279370809953036224e-04
-6.854265042686541161e-04
-1.363630745196186883e-04
-4.611480640892162747e-06
1.906689478433806718e-04
3.268668989959712368e-04
1.019638847786999712e-04
-2.454488624549243706e-04
6.211549391470977182e-04
-1.971819678346072653e-04
3.976280529707398501e-04
-1.291696686260119208e-04
5.134061292700378134e-04
-4.086338086558671920e-04
3.371918586957825341e-04
3.767948426172679222e-02
1.210591051586115963e-01
6.265735994707526124e-02
8.603525970468732173e-03
-2.042590001328729865e-02
2.679846931070492891e-03
-8.386298479215334445e-03
-2.311867408474457125e-02
3.639961547126025192e-03
-8.797682525740783618e-03
-5.902518949177153369e-03
2.209389494212098950e-04
-3.151964247549555662e-03
-1.630832285795319947e-03
-6.105494908501630852e-04
-2.391956159411087399e-03
4.785220036857351991e-03
5.901746463394237294e-03
-1.093272798604289203e-03
-1.884093186079320451e-03
-2.508271831902580094e-03
4.267015999162283163e-03
5.046127035978978555e-03
3.911882824112393009e-04
-1.037201202344367789e-03
-5.425145710053088082e-04
1.195825788982584096e-03
1.114185386259588075e-03
8.347676152201793107e-04
4.937841257190869835e-04
-1.999495995428495225e-04
1.289170761663659516e-03
5.726959893228989037e-04
-1.800110298406607965e-03
-1.807330607766121505e-03
-2.861500490017696995e-04
1.310179674300014337e-03
9.102559054810786853e-04
1.270277625782448641e-03
3.956687158907301670e-04
-1.202084263809013011e-03
-1.099751714676782321e-03
6.606493484150609589e-05
-4.398379345219257698e-04
-4.355691138377468089e-04
2.897412690880601528e-05
-1.547929264479763094e-04
-6.293128019376096694e-04
4.243076198527222795e-05
4.033579769966684839e-04
4.326166750604384633e-04
3.937447741919795907e-02
1.240392742223904721e-01
9.662535149340972795e-02
1.443942686967055952e-02
-9.075657258835312770e-04
-1.023465103755162413e-02
-1.444795706728518175e-02
1.893654290193367803e-04
-1.834086373701390021e-02
-2.453163687970798257e-02
-9.024593932616961980e-04
-6.142676241805982915e-03
-9.139054601696349617e-03
2.238417449280562385e-04
5.591189397923021671e-03
3.306680476730635213e-03
4.577238209117798998e-04
-1.800477079901211712e-03
4.169440178427768280e-04
4.941101323413171070e-03
3.163616846087747344e-03
-4.980360941499488913e-04
-2.930251730618370094e-03
3.682055370012648826e-04
5.054744894893404509e-04
7.232951949839430466e-04
3.537820481055961889e-04
-2.549518071986848523e-04
3.886344842119073386e-04
-8.081215054831945507e-05
-1.483481342719994564e-03
-2.408799022126485256e-04
4.043862744654865802e-05
1.102789854131119201e-03
7.633588348736058818e-05
4.843091967337616473e-04
-1.485838905933513761e-06
4.991110831529563079e-04
-3.973616208433138172e-04
4.764591799142268947e-04
2.843036370659828851e-04
2.728903469490195064e-04
-1.005050150746285715e-04
-1.413683895688750487e-04
-2.298568583177186466e-04
-5.055624226763791220e-04
4.692085999886431167e-04
-3.298796427367201196e-04
3.888396475306078910e-04
-5.968319156855303085e-05
1.880239601532996665e-04
4.069622049782755518e-02
1.246074352568235927e-01
9.184849921552112884e-02
1.344783430868039600e-02
4.779685889766992386e-03
-4.793386689951034847e-03
1.586802109629582153e-02
8.233495541547173821e-03
-7.266341598803331518e-03
2.279538968119433975e-02
-4.481876989504427269e-04
-1.555562524616485153e-03
6.338317427852371150e-03
-9.502605360450358052e-04
-2.587768279485523973e-03
4.400833736512069043e-03
2.883683643769628050e-03
-3.152972019308040010e-05
-6.629774003862961987e-04
-2.581550888596821289e-03
3.810358275922789625e-03
2.423830106328453936e-03
1.069793558582314932e-04
3.125697513700422567e-04
-1.054520968811407570e-04
1.735645959420314749e-04
-3.309370074560906015e-04
-5.406932411543713965e-04
-1.518372011953462888e-04
-4.113777707836380215e-04
-7.084157601004214058e-04
7.492495771095792094e-04
7.878363114804421167e-04
-2.203446271392932247e-05
-1.062572597773073815e-05
1.474106375928985896e-04
9.864111910987393437e-05
-2.330777650008897749e-04
4.780676769640244310e-05
1.861288512796755259e-04
-1.636974238400666149e-04
2.747038818142425321e-06
4.142497192774914063e-05
7.458107539601302395e-05
2.924388412396276078e-04
1.789144142200632941e-04
-7.004281556997948909e-05
-1.447260678173222296e-04
-1.428453839011635767e-04
1.246631968330271271e-04
6.306137908038887642e-05
4.085804170310203265e-02
1.254222201389217639e-01
9.387940463311637840e-02
1.457059116182927994e-02
-5.387368370080566687e-04
-1.417652885323137171e-02
-9.425228563102523716e-03
-4.701502320814072771e-04
-2.169049349733236445e-02
-1.440537183660154166e-02
9.844611058024317629e-04
-5.603206337616592134e-03
-2.047702965979721762e-03
3.575190304953636570e-04
4.885468082961327493e-03
-1.162614614711035755e-04
4.739063947675745993e-04
-3.573679657876580647e-03
-2.663913253937974556e-04
4.013085511379987404e-03
-3.263319056108545529e-04
-6.013950212497167326e-04
-3.333370122509657797e-03
-1.644229067285375278e-04
-5.753047542213918361e-04
-3.842050805608549012e-04
5.648048362097019681e-05
5.474170757465969496e-05
7.096361954247843535e-04
-1.350306866311260477e-04
-4.652482046853567460e-04
5.890252517155855150e-04
-9.574212887874847234e-05
1.088751870473805014e-03
7.517997018716220906e-05
1.255647751689345135e-04
4.161240980443040960e-04
1.918702884036464686e-04
-1.757369669161730637e-04
2.033358622652379339e-04
6.014576280947639956e-05
-2.274583633815067051e-05
-6.350702354233431495e-05
1.853981995081241082e-04
-1.557685147812938489e-04
2.202544781311994505e-04
1.918967075920139471e-04
4.894146966639794754e-05
2.273045827813943817e-04
9.554663010171723187e-05
-6.294184023253969256e-05
3.995035655711651895e-02
1.228440972561379296e-01
9.170047020202949650e-02
1.741184813307400381e-02
1.128603176662902434e-02
1.115085204373595165e-02
-5.866812746536541681e-03
1.708694849553215461e-02
1.654304254926679610e-02
-9.263664259543977902e-03
5.387940699779826016e-03
4.538822899379097754e-03
-6.632062903475882632e-04
4.516042917751577485e-03
-2.519064086953178710e-03
-1.733875940479056785e-03
-2.485759445609937116e-03
7.238325671446647525e-06
4.185594746948017274e-03
-1.817368690966637617e-03
-1.802376990072049583e-03
-2.195759133054843871e-03
5.519059155066111631e-04
-3.263228744209913817e-04
3.980393949033195059e-04
-8.291895808359922646e-05
6.389386972677457395e-04
-1.471661618259150036e-05
8.781395906097816785e-04
-9.403802517613871204e-04
-2.499450803269263779e-04
6.549488852988492350e-04
-9.886383032886060518e-05
-6.510907407411416854e-05
-6.849761507571221816e-04
-1.843478669093985849e-04
1.352164923296946865e-04
5.909982870159554992e-05
-1.541273550537227744e-04
-3.443817097137066895e-04
-2.930681522257602294e-05
-4.844836381545719947e-05
-2.070660814325918158e-04
2.395120074570741765e-04
-1.329550228318803955e-05
-2.649100455659527949e-04
7.005984780466658680e-05
-1.790690903237816193e-04
-8.461526488559842948e-05
-1.800348382263976396e-04
2.959183011634392881e-04
1.405357659171389551e-01
3.433370006743475811e-01
1.153147086446135505e+00
1.815273535351360046e+00
2.186343747767792056e+00
6.241511474215607480e-01
-1.929494276600413616e-01
3.661847155398572640e-01
4.296666321119203547e-01
2.442904796789770877e-02
-1.527827381585892272e-04
-1.101209582938474286e-04
-6.408557179036732652e-05
-1.752713433254577270e-04
-8.034611132789962066e-04
-2.621981339937490925e-04
-3.830909060791379273e-04
-5.711884256330174723e-04
-4.224542254339345450e-04
-1.362684059327013211e-03
-2.666486401275230522e-03
7.654836437098917756e-05
6.163864641747038124e-03
8.912958915961869191e-03
1.907530993041134512e-03
-2.564833880958254796e-05
3.328505158942019534e-03
3.640715080369208456e-04
1.758860606093528125e-03
-4.563827820862954333e-03
4.741412959457399351e-03
1.060450387724447328e-04
3.100804588776349046e-04
6.548493729697986996e-05
9.684562382076969747e-05
-4.122925723494699313e-04
3.443831896911668262e-04
2.242096345907975720e-03
1.458792487135939864e-03
-2.019842163866212691e-03
-6.801121644115193073e-04
1.631624903710313535e-03
7.155318551220504926e-03
1.829421078742696953e-03
-3.869336844304604225e-03
-2.791801203606125454e-03
-2.250286391687228438e-03
-7.652093856139558989e-03
7.298652995797987996e-04
9.423490067032603071e-03
-1.080254894534255373e-03
-1.167578719017615908e-03
-1.331030128893939332e-03
-1.170741541344261184e-03
1.271196942383893242e-04
-4.135104457604185570e-04
3.094778005353166113e-03
8.708491990130722265e-04
6.075947624696323261e-03
7.694140154691217004e-04
4.463580430012801387e-03
-2.881875211527375885e-02
-1.451852722760212143e-03
9.139510071084020609e-03
9.054419082085699748e-04
7.305232480597868838e-03
8.414674606571695675e-04
4.939298667193657046e-03
-4.985965777106195207e-02
-6.608445836477630335e-03
3.397763129315543341e-03
-1.329933104964989765e-03
5.360303967939885651e-04
-1.923706692809887655e-03
2.551304182772939368e-04
-7.801228574180678159e-03
-6.282333949780971941e-03
-3.788573422014268307e-04
-1.056579759554859962e-03
6.078474905402598974e-04
2.542875055649735250e-03
-6.688122028637264772e-03
-2.655866635533711377e-03
3.312100208089760922e-04
-8.131698817581550640e-06
5.829330306408587493e-03
1.775135934691256419e-04
-3.782114757127733604e-04
4.238770351672849039e-04
2.383894970564727663e-03
-5.703875863004813189e-03
-3.075634337445578691e-03
-1.121348044063575798e-03
1.437522784877411433e-03
5.869651350023352351e-03
-1.239179632220016440e-04
8.140950027616212581e-04
1.162557955345382490e-03
-5.135587684649750220e-05
6.599248125196507291e-04
-6.275768522015123980e-04
1.414985443361885730e-03
9.582293221975341727e-04
-1.509317021316539716e-03
-2.572905333973446492e-05
-1.164382381690449165e-05
1.401972510787341253e-01
3.440546561943512160e-01
1.151704727818807061e+00
1.816965806681394957e+00
2.183616755588129177e+00
6.273537614938929918e-01
-2.023629938002571016e-01
3.876349173237824131e-01
4.152475866346252431e-01
1.543115636196087069e-02
9.779458808478889347e-05
2.069057048273284310e-04
-1.196944418751492734e-04
4.802775739226071211e-04
9.928999805397622277e-04
-8.371490894819379495e-04
6.996185230522839350e-04
1.142893008355327575e-03
-8.634978449783198068e-04
4.629342823535465457e-04
2.313917068525541115e-03
-1.410179728847948044e-03
-2.283792463960695584e-03
-9.662176432476070331e-03
7.009191206069516171e-03
-1.751743251607435457e-03
-3.841891444060731818e-03
-3.319748023765692292e-04
-5.371680690384264285e-04
-1.481018880583861433e-03
1.918646877156808973e-03
9.084986863710629195e-05
3.966011294938582427e-04
7.105383663521400097e-05
-3.887557489554853722e-04
4.417942464539867950e-04
2.126849010739188881e-04
2.836499277333218594e-03
5.913695426640310166e-04
-1.363291512033087353e-03
2.540704319728873551e-03
1.721015731578702025e-04
6.160397585391635088e-03
1.263998915574529938e-03
-1.959319933311055341e-03
6.201462306155347201e-03
-2.557975333079402259e-03
-3.673121367466775002e-03
2.598993160064539819e-04
3.658883967966153773e-03
-4.495622534589532914e-04
-9.572745846450904069e-04
-9.867499495413406107e-04
-5.422355856440387589e-04
1.510688178488985792e-03
6.182513784235245044e-04
-4.280857839574886935e-03
-3.418520996845041387e-03
-6.165173841501636956e-03
-1.243627928253559925e-03
-4.820277781039370747e-03
2.995350178254770762e-02
2.747683278551680749e-03
-8.095674394263518286e-03
-2.509322846970044475e-03
-5.431534016546810811e-03
4.912695642239966413e-04
-5.403696949419820907e-03
4.129494264843028978e-02
5.266381764277467369e-03
-1.823487534781376455e-03
1.400455443972232128e-03
-1.633292082174175452e-04
9.975381861577800168e-04
-7.577223314141809905e-04
5.993119298829999685e-03
1.259662524080358906e-03
-7.776915211057817403e-04
-3.525315396656344491e-04
5.785675124666893017e-04
2.642163928613302896e-03
-5.940665966799770804e-03
-1.390208893141277931e-03
-3.836737073350765352e-04
-1.442872989567408042e-03
5.268477388116626220e-03
4.855051810091609013e-04
3.309199951241178681e-04
-2.549361175307743787e-04
1.848664362834903912e-03
-4.507933621700498800e-03
-7.037967155210954123e-04
-7.017149794061205330e-04
-1.649743454138778188e-03
3.310134006196634952e-03
4.061384920761717545e-04
-1.994817105760085388e-04
-5.891272086873305990e-04
-1.019466424295203640e-04
-7.693961846087956887e-04
-4.115810476560494510e-05
7.464459331912290298e-05
-3.115198193370620201e-04
2.369382866309132729e-04
-9.139073363819711499e-04
-4.520883443553512667e-04
1.413166690845475970e-01
3.423952479144406480e-01
1.157404571335190147e+00
1.815736802416789919e+00
2.197137459900142975e+00
6.205747445922237260e-01
-2.041107007567410647e-01
3.935547253013680913e-01
3.240844247750289120e-01
5.498240322784851003e-02
1.999312093586328679e-04
7.820815405474210147e-05
-5.624135689479144943e-04
2.600189215070741283e-05
3.542789444746718367e-04
-2.166836754726609877e-03
7.952412298096524527e-04
5.917629629421879188e-04
-3.997658884065675121e-03
3.757179574505430889e-03
5.995670165759157304e-04
1.185724991059412684e-03
-3.370027263634531138e-03
-1.459071731161920658e-03
6.760757220267312254e-03
-5.085990135891243005e-03
-2.660728544160891051e-03
1.260835498728938783e-02
-1.476890703826647978e-02
2.039006800640387647e-03
5.850888555743158359e-03
-3.402768770611324127e-04
-1.139464440121612358e-04
1.088559553221912736e-03
3.924561928996924331e-04
4.549424704691889740e-03
-4.179819881352085263e-04
1.109125271183438515e-05
2.704710506598047293e-03
1.041074555519579028e-03
1.109046270693479774e-02
-3.026987057895104589e-03
-6.954919440688157569e-04
1.622427261171382681e-02
-7.926726022570896799e-03
4.271532213277427770e-02
-2.958347264641661076e-03
-8.848578392751315583e-04
1.082221542951177298e-02
-1.749931894442263713e-02
3.791365390080951581e-02
2.409414858761997299e-04
1.971035646122078851e-04
-2.181875125538435337e-03
-4.526863618403681455e-03
8.208368034254098430e-03
-1.129555990013317171e-03
-1.064889578150462470e-03
-2.487837817133838904e-04
-2.516565203367182590e-02
2.414959084649059839e-03
1.845272029238099326e-02
2.387868952140761547e-04
-2.671318452378096137e-03
-2.555696530726901325e-03
2.346013008711050473e-04
-4.433670521085880667e-02
4.524184325464059020e-03
3.474311680882041092e-02
7.859858178823906152e-04
5.470897923420917379e-04
-6.858347109171639708e-04
2.929632758916866464e-04
-1.924859420652781997e-02
-2.587816186071630812e-04
1.376608360686273208e-02
-4.399409750031802249e-03
-7.109702318454544064e-04
-9.318235822286814176e-04
-4.610018822597231232e-04
4.654892132275974996e-04
2.481004059415417226e-03
1.262256780657684124e-03
1.015386089198401769e-03
-7.842856179577631023e-04
3.558668147468784220e-03
-6.562144510614705255e-04
-1.401203735002123571e-03
1.688740893393114847e-04
6.535176638137665936e-04
1.270333211982252290e-03
-2.093967480078445277e-03
1.033116755097323800e-03
4.032763148984560989e-04
2.734705811635132402e-03
-4.145020977202165452e-04
-5.079033073349934792e-04
-1.721226858022603884e-04
2.246421556506340053e-04
1.224358579024439658e-04
-1.856911772549321542e-03
1.712190177449517473e-03
-9.990208888238942455e-04
-8.115503119523467335e-04
2.784175834523180005e-03
5.987000714230229429e-05
3.315458170426724971e-01
6.843375131076195883e-01
2.240839243526151936e+00
3.787891116757205356e+00
2.650411234178166264e+00
-1.608009990595608493e-02
7.665720861145437770e-02
9.361227730081815857e-01
5.914045150822528907e-01
1.369401184466821908e-01
7.447003053028274262e-03
-1.259406483179044379e-04
-4.253081314251960093e-03
1.558596087165587188e-02
1.898888592555224286e-04
-9.652644549147413461e-03
2.544026116919759217e-02
-4.761697995962179330e-04
-1.446629194764967492e-02
-4.480342011592891582e-02
7.677355767269071918e-04
2.534946947842266554e-02
-3.070732680325434505e-02
-8.255261565642062985e-04
2.047652788867594317e-02
3.797826290877181522e-03
9.969162946401324225e-04
-4.661436637666477485e-03
1.041909746030570197e-02
-2.663715864421000584e-03
-4.757511613931972826e-03
-4.701384028387077486e-04
-6.772775429963659704e-04
8.646507581191287262e-03
1.000472523310182681e-02
3.014919987518160146e-03
-1.459932860320494255e-03
-1.823463599195243113e-03
2.506693747910592601e-02
3.179577652086994916e-02
5.729192893449534113e-03
-1.195159901460809970e-03
-1.832094327700633163e-03
2.045951837328700840e-02
1.573295267336096911e-02
1.663025491047785687e-02
-3.265315797907320482e-04
-4.829110032966013664e-04
6.453610505818684062e-03
-5.655699892952145529e-03
1.526163708118099226e-02
-8.724088988734318229e-04
4.536770854229307598e-04
3.388920180747905919e-03
9.144857734455947174e-04
5.151182597885465772e-03
-7.696447736545832332e-05
4.078946625497215019e-05
-9.753192466123752327e-05
2.675244127322888143e-03
4.478849896736611207e-04
-4.167106790696776565e-03
2.460405984186530160e-03
3.106114201417577267e-04
-4.767069673255599707e-05
-5.143643033589763365e-05
9.331646178617078458e-03
9.304091580023055637e-04
-1.090130979144210942e-02
4.182350350949861663e-03
-1.357386482833429085e-04
2.459718439201036061e-04
-5.442178431075560437e-04
4.264382217448762710e-03
6.530424397655078088e-04
-6.715317230996331599e-03
3.349747136302911807e-03
4.325760258221546495e-05
3.626129326603351829e-05
-2.048658562683931629e-05
-3.189202365694489153e-05
-1.141747061722076916e-03
1.924372474745351686e-03
6.795754578827493736e-04
-1.570776790044173818e-03
1.592086256128357716e-04
3.147473636011495691e-05
3.932296736176537890e-05
-1.498211948293960661e-04
1.069912260370046308e-04
-1.281851262214068901e-03
2.967347787944025084e-03
1.512597244757075791e-03
-2.623727230339202750e-03
8.029713634285617473e-04
-2.281025633459623343e-06
3.062532615606747814e-05
-5.444908403589127598e-05
4.305776272598730992e-06
2.235677562135161391e-05
-5.836552339656610622e-04
-9.271659929475739668e-04
5.087329361039028561e-04
4.330485037654714544e-04
-2.064107116842155989e-04
-1.652961804658272026e-04
2.771426809845853323e-01
5.383335053010139815e-01
1.735702269593799807e+00
2.918378804345698185e+00
2.262832235280649140e+00
1.853726248339069016e-01
-9.315753365493160965e-02
6.195255926804761337e-01
4.971013313357993124e-01
8.613805117257415656e-02
4.423817925751293928e-05
-3.179278966275917470e-04
7.742170660587235453e-05
8.438483360522485441e-04
-1.121085009406753551e-03
-2.752905190232699320e-03
2.026809348098918527e-04
-1.368635667962037885e-03
-9.563048178656338033e-05
2.142607287870837939e-04
1.544749538805854742e-03
-2.925059469590087988e-03
-2.004049664336961245e-03
3.295611844602440877e-03
6.343949393389897683e-03
-4.797693457155089401e-03
-1.591819537797385144e-03
6.978612413833865102e-03
1.000787151649518841e-02
-2.089001263859945664e-03
8.439316092344032252e-03
-8.953818585648565774e-04
-9.927513676499949164e-04
-2.990293315270448841e-03
6.378913890486526638e-05
-6.543568796059465349e-03
-3.368923229881168584e-03
-3.671370652934909454e-03
-1.350714632784803283e-02
-2.218221810455375416e-05
-2.367762278806177095e-02
-1.120826227785805306e-03
-1.878505976470222537e-03
-3.505671851506667828e-03
3.245737057784690312e-05
-7.445467408861159223e-03
-1.846873916355347141e-04
3.157350176601904064e-04
1.964800969266223413e-02
-3.168065095957946307e-03
-3.624080923578102461e-03
-1.329644169781172246e-03
-1.429485229792590425e-03
6.423631238476926967e-04
2.338815508276485301e-03
-7.535044350059342047e-03
-1.441202287688939879e-03
-1.746100543900910417e-03
1.536776398672714042e-04
1.582908254355584743e-02
-3.172845355253582286e-03
-1.502547995516725909e-02
9.266192822139190629e-04
-2.626878779959331087e-03
-3.197225277770202826e-03
1.376880002537758012e-04
3.121782707457829154e-02
-6.980935030992181656e-03
-2.690972412632781918e-02
8.818979568077678658e-04
-5.166487338351772804e-04
-1.117615016825061064e-03
3.829446856240054575e-04
1.211156491325399848e-02
-3.630332358374481570e-03
-7.756564335721639371e-03
1.696717127216732521e-03
3.401000540888308803e-04
7.740536416702695688e-04
3.032835240970125365e-04
-1.724180434953564067e-04
1.860640803612628041e-03
-7.434532160748996569e-04
3.297525424329023026e-04
-8.343767085091406612e-05
1.733114738249700963e-03
4.608704248688983611e-04
7.934804374135725384e-04
1.083294354406604026e-04
-1.493788342853106003e-04
2.638479157342821929e-03
-5.231664401483115002e-04
6.310217274249597334e-04
-4.519250956132544496e-04
5.347425408817474283e-04
-5.427259032928541220e-05
-1.582158040726347437e-04
-2.886496119846539057e-04
-9.305775045476621455e-05
1.050663622050037558e-04
2.328143055137095376e-03
-8.822295366217071388e-04
-1.895308679249210759e-03
2.745195342430288088e-04
-3.446899848278009264e-04
2.080193692323572762e-05
4.096444535623144229e-02
1.259682298266882328e-01
8.492173975078813608e-02
1.506284160845525015e-02
-1.234099394376751311e-03
-1.384666967130273978e-02
-1.174242141667976823e-02
-1.173481429412738964e-03
-1.685699187905782132e-02
-1.542647656012228162e-02
-1.010768076044970230e-03
-5.214426119931957898e-03
-2.914034571609163890e-03
4.549804669714150522e-04
5.361876948836100630e-03
7.752861522834188701e-04
5.387185929295058287e-04
-3.139947826493173083e-03
7.645925265959183743e-04
3.543515714297232160e-03
8.414646721223214415e-04
2.079046727695724130e-04
-1.743912406569267859e-03
-1.395407733724455743e-04
-7.220532995786867886e-04
-5.543471141372009487e-04
8.268116663341680680e-04
-4.661617027691424518e-04
2.976177835815112206e-04
-2.165596597908355848e-04
-9.560585750515502960e-04
3.941410123921488097e-04
-8.298858125375265136e-06
1.290119354983922193e-03
1.677105520074163717e-04
3.147558214182194177e-04
8.917330410198803857e-05
5.127892636012258481e-04
1.567104382189348763e-05
6.034633642797311413e-05
-9.525200074518918539e-04
9.940207827829105670e-05
-3.088543861897542287e-05
4.195413467516866091e-04
-2.547160926427682317e-04
7.441376121598059672e-05
8.899281696915873686e-05
-9.953945737353738301e-05
5.716372639401831341e-04
1.411319847734085855e-04
5.059002981965185622e-05
4.176450107760476538e-02
1.283768189662919390e-01
9.385390331324844349e-02
1.695916073568809121e-02
-1.343813546928163127e-02
-1.151351898401257795e-03
1.062509819644000264e-02
-1.962053932402075054e-02
-2.434828443913637612e-03
1.543340768683799068e-02
-3.738697181093412862e-03
-3.344217563628847176e-03
2.449226398490837210e-03
4.183733651830382557e-04
-5.230041153200131777e-04
6.347146818833707127e-04
-5.010558132225244668e-03
3.241410718715774519e-03
1.405353107500468190e-03
-4.958774752270195567e-04
1.825955504107734325e-04
-4.476369399032864051e-03
2.328567406371128724e-03
8.318649537210472079e-04
-1.007699404109290873e-03
3.859147532382405576e-04
6.384547606596403064e-04
1.345659639063171704e-05
-1.970467495876829776e-04
7.723201052514697899e-05
-9.433518486533257967e-05
-3.224180066542986283e-04
-5.828673333053999237e-04
1.213439065890600018e-03
-4.895889931698313175e-04
-2.596185109390619812e-04
4.896085067969863135e-04
2.946308896881669865e-04
-6.632074727840534109e-04
-6.423889227438372073e-04
-2.435771385690613114e-04
-3.350339937638023433e-05
-1.845106879757407958e-05
1.719745599769577788e-05
-1.901284348532443621e-04
2.533706854585364432e-04
-3.216480450796795260e-04
-5.833783471607910105e-05
-1.029774136713317679e-04
1.975784093690529904e-04
-8.219298603606031250e-05
4.121753549645703479e-02
1.259209069890654398e-01
9.252811244042004335e-02
1.901666209685383066e-02
1.957779873607000745e-03
1.271081985894151681e-02
1.135322652182169101e-02
2.945584527693667198e-03
1.916559821281647175e-02
1.618323547352421704e-02
1.240410383483488187e-03
5.592184264043001049e-03
4.431233128987600682e-03
7.977259740835474346e-04
5.023948069609695914e-03
1.020171914477000256e-03
7.569433098345149710e-04
-2.691567836312178542e-03
9.068018880219578821e-04
4.574151547921308410e-03
2.750387925025710731e-04
6.528683707603158111e-04
-2.731463392764673596e-03
-3.237115987984658403e-05
-3.051915489413186832e-04
2.590579454736118741e-04
1.115850874001154752e-04
2.762310722761929975e-04
-4.320329810696693510e-04
2.949801184332337314e-04
7.266767007436926657e-04
-4.431719228411914470e-04
1.113689884740232773e-04
-1.129666241404689297e-03
-2.391392126499120041e-04
5.001078771027975245e-05
4.147463596710007085e-05
1.181284743687106717e-04
-9.772521857928184816e-05
-1.224671505463672035e-05
3.843806888089714791e-04
6.491799729002806826e-05
8.467924999680581579e-05
4.100079421903993150e-04
-5.462917139594799338e-05
7.546915090623610735e-05
4.798259402171337171e-05
-2.813033073645891774e-05
3.337240579643485226e-04
1.928404652159493174e-04
-1.171684826712033532e-04
4.071552241018014384e-02
1.245910996639567336e-01
9.150333563427967554e-02
1.756661549799485786e-02
1.340163355606132506e-02
6.593637425162129527e-04
-1.096657369318705146e-02
2.038403315591632084e-02
9.855726396172010979e-04
-1.607452858713654884e-02
8.336252138058533948e-03
9.160631883695620828e-04
-4.095731312865258898e-03
1.483273722396871990e-04
-1.705184183075946001e-04
6.501243831981986208e-04
-5.096147083804465627e-03
3.024350578006916503e-03
8.961491130557906965e-04
-5.133041581374060735e-04
4.427460111515161179e-04
-4.667876508161947907e-03
3.071876276766565255e-03
-4.044843530245210051e-05
-2.157211216066005390e-04
-6.424592535915151469e-04
3.519717427945938946e-05
5.187240308212718882e-04
1.164554283987013963e-04
-1.496108392224548204e-04
5.563564397796568100e-07
3.812768057296848489e-04
7.984089171049542789e-04
-1.199431342209555766e-03
4.074145732658241196e-04
-4.764169016857108384e-05
-4.438414688336449426e-05
6.729459911796160465e-05
1.667439199767998853e-04
-3.683030129563886210e-04
3.351646837308182108e-04
4.288597487039476027e-04
-9.221182781080780534e-05
1.071077424206108586e-04
-6.192029821998809558e-05
1.056847109205132879e-05
2.505197132741329453e-04
-6.917633997944508684e-06
-4.685020239606675781e-04
3.499941171686195979e-04
4.463812506951563193e-05
3.757704964877592313e-02
1.208605353975176905e-01
7.627728580768557143e-02
1.139562068858408946e-02
1.889175994369603553e-02
2.494582518286298824e-03
1.133284409446743031e-02
2.444751543141666580e-02
3.928260673770439006e-03
1.682824246109179689e-02
7.901281430410352774e-03
1.754552231256826123e-03
8.096504691517934088e-03
1.505951286182316507e-03
8.881184324884357131e-04
-9.382015832224937894e-04
6.604731400400487909e-03
5.424096711551403514e-03
1.351456764398351485e-03
1.319397150482615015e-03
8.259724700930371009e-04
7.723901775384661890e-03
2.685083357326083654e-03
1.281979039533409517e-04
5.983600995102774430e-04
4.546222342829885294e-04
1.173010987759999166e-03
7.724742112765075643e-04
6.480600096736275663e-04
7.489243828810676585e-04
5.153050125535250193e-05
-1.432814176294077346e-03
1.115150679202716504e-03
2.312416050697094824e-03
1.127279268184014404e-03
-1.065032431730368758e-04
4.246177976476537283e-04
3.186876658244908178e-04
-8.534284597258366516e-04
1.015126970566299514e-03
9.828376721407370252e-04
-1.486942547368299606e-04
-1.095212624140970003e-04
1.359989124391426554e-04
1.435546722250603943e-04
-1.280221645365666784e-04
-6.075104151174073701e-04
-2.394323813840534962e-04
3.588401216101426102e-04
2.277950322152373782e-04
-1.193298045762886995e-04
3.853014744652021040e-02
1.231163940667081153e-01
7.556600329870456767e-02
9.554002743843947182e-03
-2.018630335737203740e-02
-2.241834348943481589e-04
9.713880206463743061e-03
-2.589420617482351278e-02
-2.114790900028547368e-04
1.597698642145480366e-02
-1.093651121115953549e-02
-2.483109989843948939e-04
4.308648359282929788e-03
1.074102728003662979e-04
-3.551118509368292350e-06
-1.581726047398439869e-03
-6.212144379835129668e-03
5.986967093227783289e-03
-2.510969903017030774e-04
-1.892126042856369817e-04
-6.887122680291374744e-04
-7.716765360207117168e-03
4.342907228327096830e-03
-9.484197457305918485e-05
6.000833536480269944e-05
-6.707505708190409201e-04
-1.783364763918324604e-03
1.616234785948151426e-03
-3.532300686256309663e-05
5.104420433782912235e-05
-2.052236596358464977e-05
-1.496102069762541252e-03
-4.666848519273438076e-04
2.291226712995687604e-03
-1.620586632192794023e-03
2.517793528478019642e-04
-7.106918673861608649e-05
-1.113577033562200932e-04
-1.324776893449588350e-03
-8.415764996907778173e-04
1.654489130828016913e-03
-1.359732586025327059e-04
-9.310440341830377602e-05
3.793986724257566930e-05
5.610617122828215786e-05
-5.157308118958760744e-05
-6.208405432049311215e-04
3.881416875745861300e-04
3.187324321778474477e-04
-4.279804857023278633e-04
-7.180226278346249914e-05
4.047461779594069969e-02
1.241939120749016578e-01
9.171531979230718168e-02
1.405415657690600208e-02
-1.392811433028025812e-02
2.559211800750199692e-03
-8.565171498774313413e-03
-2.123668482745409702e-02
3.927137419400759596e-03
-1.356105493204825749e-02
-4.354409536981080318e-03
8.736750406822036720e-04
-3.632165901782944024e-03
-1.258152680507869034e-03
-8.336623969338412526e-04
-6.377428052454052476e-04
4.482082523797390958e-03
3.432432061518483467e-03
-1.300943487542417397e-03
-5.748324621984741024e-04
-1.704455095028173763e-04
4.066129855495060133e-03
3.390019005596714690e-03
1.620563604765758842e-04
-3.565419840585355591e-05
2.435866175019280988e-04
-2.171689726114161341e-04
-2.647028885058380914e-04
4.292546465234401516e-04
3.648769579580664227e-04
9.579494997953025965e-05
5.554394737893118394e-04
-2.224097415145098332e-04
-1.280513400540807603e-03
-5.639323575163621713e-04
-5.011695537607179841e-05
-8.782529451851165010e-05
-1.452798126047138267e-04
6.385234868887353554e-05
-1.399750805481812441e-04
3.677271065900317615e-04
-4.199998043808358668e-04
1.205567182352152827e-04
2.808623739580089771e-04
1.030603467481083004e-04
8.749957394360354397e-06
1.381912390130165646e-04
1.856567776686818098e-04
-2.476317488543455054e-04
-2.816533427054401795e-04
9.301203206039750549e-05
