1.405141386252291846e-01
3.432811410577895073e-01
1.152926485229050169e+00
1.814901567184588727e+00
2.185587432714106715e+00
6.247854799118418567e-01
-1.925488259951303183e-01
3.642313354314446472e-01
4.446081644150940981e-01
3.108822457609338938e-02
1.322466694964344542e-04
-5.378461264131646042e-05
1.097760213058968396e-04
9.791781318907960639e-04
-8.425108585734536340e-04
1.543650163588866989e-03
1.062757460073273427e-03
-4.363005478112174295e-04
8.647839601286632510e-04
1.692312716332537844e-03
-2.455214570263262661e-03
4.508057997595454371e-03
-6.028566675670365103e-03
9.121467458726771269e-03
-1.458314022966153423e-02
-1.472993040909594854e-02
2.152765297199478413e-04
-6.002263711997568411e-03
-5.394902807918434441e-03
-3.015592460374301280e-03
5.972248203632036893e-03
-9.310065894066734348e-05
-1.430508964805843005e-04
-2.674361326339863868e-04
6.378922066516702063e-04
4.991701597036429490e-04
4.073952955822199534e-04
-1.577153016932506154e-03
-1.494759312047552746e-03
2.044967149741308294e-03
3.095925307329710965e-03
4.426537880972052606e-03
-4.135432718365604499e-03
-3.339010337340549486e-03
6.909536018231466660e-03
9.228842887947900225e-03
-8.169697676665333211e-03
8.902322265412845187e-03
8.273049985596948441e-05
1.320330365431009439e-03
-2.767740927768195039e-03
-5.745864669781695216e-03
1.651026449089140107e-03
2.191684496067140223e-03
1.856113863779097891e-03
-9.014667818527485237e-05
1.120463171359959223e-02
-7.067141208608868769e-03
1.030419791910994545e-02
1.728262717223994979e-02
-6.731191010971979485e-03
-1.072619334157310159e-02
-1.474076493113036200e-02
1.889595400687795954e-02
-9.120835100625536429e-03
2.374027169113844885e-02
2.873410575797534505e-02
-1.221110080734591138e-02
-1.316970936397243372e-02
-2.430239681143131492e-02
2.695278468283030145e-03
1.249401253249540723e-03
6.429862182326874682e-03
5.707426151639057033e-03
-2.095591795813510089e-03
-2.383570371564672045e-03
-5.138878193640993366e-03
3.299558708310503744e-03
-3.538181952580432988e-03
5.735960073268918076e-04
4.310468557403270701e-03
1.907769629218667752e-03
-1.978242186700488250e-03
3.086296958914319134e-03
5.766290315775331535e-03
1.485593954721057966e-03
4.632271341868536389e-03
-3.076240622393933317e-03
9.943924635665036540e-05
4.079027062952060058e-03
3.553139654333233727e-03
-1.723484599536688044e-03
2.032760162499651965e-03
4.964750500852545614e-03
2.020125026150082319e-03
-1.667617899297607880e-04
-3.440345841919400550e-04
-5.955645311681407542e-04
-1.016037711045429366e-03
5.738711592225022567e-04
-1.464570797232277047e-04
-3.645938928644822975e-04
-1.029105858023800658e-03
7.887442349585832655e-04
-4.482090619825043385e-04
1.173555040655984176e-03
1.400601204750033524e-01
3.444193102657017724e-01
1.151223598762826317e+00
1.817939368003982370e+00
2.182985805217123598e+00
6.281851784100895841e-01
-2.044242533615076574e-01
3.919982733874444736e-01
4.059753216489646044e-01
2.065942402178767498e-02
1.687617904825108143e-05
2.761175117607084285e-05
-2.171075339689314422e-05
-6.428167187463496479e-05
2.094924325042511694e-04
4.228082161675922336e-06
1.608169954749357053e-04
-2.723843183447492971e-04
-1.268077014526487810e-04
-4.676263041767471157e-04
2.464244838439765082e-03
1.592891636112744977e-04
1.485201055294713482e-03
-6.642459472837386296e-03
-2.848350210884334553e-04
-1.230485338737894417e-03
-1.982827580544153923e-03
-1.391571080191962963e-03
-1.933094077757828389e-03
-2.323599449103396376e-03
1.172430098945666894e-03
-4.492276934474475220e-05
-1.520767293647367880e-05
-2.020904339093245456e-05
-6.168354076119642677e-05
-1.221108631615964329e-04
3.985307033085768716e-04
-2.549493606328908746e-04
4.320841724697219405e-04
-2.114626353206783792e-04
1.217027071969541087e-03
2.892128075674809187e-03
-7.891749884344110514e-04
2.810932031969882398e-03
3.974488069173051706e-04
3.572762023079118637e-03
-3.389401876819205569e-03
4.076499353524897645e-03
-1.069632713603354841e-03
9.510228463486367252e-04
-3.055616694389639686e-03
-9.558021093138108866e-04
5.020649286746925758e-04
-3.542629947659198014e-04
-8.150341597792609650e-04
-6.393494174410422302e-05
-1.282755217050041661e-02
5.007106851313905538e-03
-1.179466256018175951e-02
-1.956943542942880115e-02
5.421640880935952797e-04
8.467227354889826640e-03
1.402302144768417108e-02
-1.754218433718796391e-02
4.354968493176626133e-03
-1.792345848662697111e-02
-2.499975294232084991e-02
1.866313700751246179e-03
8.571185184211618444e-03
1.984866821108994400e-02
-3.327651282951263594e-03
-5.534393542371831095e-05
-2.980993512622748427e-03
-3.875945175065029311e-03
1.305030827577809008e-03
5.247210383712477139e-04
3.259472987834068254e-03
2.443568186614997022e-03
-4.200977501771435869e-03
1.988343251390452780e-03
3.328937497328941612e-03
2.783172512416350226e-03
-3.996478603974050600e-04
1.811180438603800756e-03
4.474357799898122552e-03
1.536100311899887957e-03
2.266152460338792269e-03
-3.020948380979335181e-03
1.479455021321284761e-03
1.329124279156812787e-03
1.690847720625708291e-03
1.088019384920248744e-04
1.651337903241384582e-03
2.961550033344714436e-03
9.523702589564618688e-04
1.961204765553440006e-04
4.487427152984677764e-04
5.019648482726301241e-04
1.401484683347267539e-04
6.175072458713833611e-04
4.099783582865440122e-04
-2.447306349960439971e-04
5.751704963187531964e-04
-4.092851760123045668e-04
2.442892868463071967e-04
-9.997476179876207611e-04
1.401223575520108844e-01
3.442703624158278131e-01
1.151451684111745255e+00
1.817556822049790410e+00
2.183252972432991434e+00
6.278143440329662095e-01
-2.038445981269875473e-01
3.903670049701878364e-01
4.133540024882414454e-01
1.485745696369060627e-02
-5.269012257688822023e-05
1.140700535262117261e-05
-1.114026649227248055e-04
6.097877655753696137e-05
-2.284216013603572633e-04
-3.928139825554141412e-04
-3.186647100425922920e-04
1.359321744061790999e-04
-3.179445354585724100e-04
5.500038491149851104e-04
-1.454012890544229691e-03
-2.153987868314934714e-03
-1.502834580637230771e-03
3.087482160686263674e-03
7.621911752118385244e-03
2.319929640557538957e-03
3.183490541358097864e-03
1.663682176961060266e-03
-5.639534093370037046e-04
1.966795598737031657e-03
3.655715497450320439e-03
-1.341110045983264843e-04
4.365945842262755264e-05
-5.228476283743479065e-05
-2.635802716479223643e-05
-1.345836834094533453e-04
-1.908799262995668894e-04
-6.519221740931807185e-04
-1.677863181555023760e-03
8.774881316351443522e-04
-1.112797763726060453e-04
6.903966831022358228e-04
-3.833728596284623896e-03
-5.079686550649821671e-03
1.416044966638005951e-03
5.472772274081483951e-04
-9.829412710450021774e-04
4.531651464640698568e-03
4.406134085564644698e-03
1.670619197294865698e-03
-2.105904706414973415e-03
-1.446798710850296440e-04
3.322344331760896069e-04
-3.297044084714090403e-04
-7.597781540479434711e-04
-9.577637621302440441e-04
-1.861240408255989548e-02
2.929856362764186959e-03
-1.302127140200851421e-02
-1.397834413500719138e-02
8.322575294712293223e-03
1.377412479739212499e-02
3.540093861146879732e-03
-2.202943279385708233e-02
4.480551036269962012e-03
-2.080238391802073997e-02
-1.987962098041416367e-02
1.201003592656395627e-02
1.725782330575967652e-02
4.512379046298205243e-03
-1.926596680396472274e-03
1.192102190062918968e-03
-4.067283415141973411e-03
-2.436728867530402100e-03
2.505204844303551576e-03
2.021696991799137085e-03
1.496103997518576784e-03
1.841967935484825798e-03
-4.076522923528677102e-03
-1.960056086744298327e-03
5.231628646352454517e-03
1.535723581470811944e-03
-7.448859086963328414e-04
2.791783959767717930e-03
1.519674065646223204e-03
3.138598886515483240e-03
9.856395664791500061e-04
-2.197500240919111718e-03
-1.744418697193916932e-03
3.757431770627497458e-03
6.750202012646638145e-04
-8.334754207228865135e-04
1.846487943228607587e-03
1.769021860092133544e-03
1.662187694899348650e-03
1.534995780263328548e-04
-2.294281782168853406e-04
4.401404333792728412e-05
6.674510682700579046e-04
-1.170094912186721335e-03
-1.842073815662452138e-04
5.511738658941276294e-04
6.885087059778651451e-04
-1.700517506656736661e-04
1.591631884096798193e-04
1.510820929244846739e-05
4.158887249426790333e-02
1.272074612124524939e-01
9.384011137042355677e-02
2.521186767076265614e-02
-1.164995152049242561e-02
-1.017176523314772089e-02
7.576882074637659829e-03
-1.673962322489333174e-02
-1.462461716168543188e-02
1.108745925580583748e-02
-4.897377929101610385e-03
-4.444088496626893807e-03
2.913081051536503888e-03
4.152989703039498305e-03
-2.694399393585976844e-03
-1.336832737553654690e-03
-3.085659932798983599e-03
6.084319887558994108e-04
3.536347951898512719e-03
-2.576394060958170883e-03
-7.481063543028556185e-04
-2.651523720293798379e-03
3.733184056621324993e-04
-2.956398158784989769e-04
4.065489055761093914e-04
-8.829549175864855298e-05
6.829098809542634126e-04
-2.850575778266767704e-04
-8.731493389125628748e-04
1.130155506335946353e-03
-2.049166017367986549e-04
-8.723272206849226997e-04
7.393706242441376272e-05
2.398412418241821758e-04
5.231306125074663103e-04
3.299660345086596067e-04
-1.224473142203945516e-04
3.530830836681009516e-04
5.694389580862623630e-04
-1.647021192338552615e-04
-4.737564682504687629e-04
-2.196804593547668273e-04
7.333926677650614277e-05
2.923089031630238819e-04
-9.621321728185763540e-05
-8.124662528164696329e-05
2.513470287668594636e-04
-4.083074085289955775e-04
-6.776532146495426793e-06
5.089128932715042801e-06
3.682281832523981858e-04
4.300054255732330133e-02
1.369285861776173008e-01
7.365257907778767488e-02
5.945625791521824167e-03
1.709505784966734374e-02
-7.509989678197199906e-04
1.092259038442171086e-02
1.862293036099460855e-02
-1.274487079836342544e-03
1.093468364250160807e-02
-5.089170208330789751e-03
-1.750279144253381576e-03
-5.897126912049780248e-03
-6.382096752730178832e-04
-2.126752066909784120e-04
-6.544060432264640296e-04
5.536171078807544145e-03
4.366257553324500058e-03
4.963023696611358008e-04
-3.860992710655895073e-04
-9.130692099522959412e-05
9.942648745654991422e-04
9.447944159237286121e-04
-2.555451096730220004e-03
1.356047395533603898e-04
-1.796828933432673484e-03
-3.297262405314041467e-03
-2.145594193303471120e-03
-1.744586188426131153e-04
2.339764045932806830e-05
-2.362839591776045851e-04
-7.588443960849787810e-04
4.139837339537910644e-04
1.094829600831264804e-03
7.429389886170896214e-04
3.901420678893777736e-04
-3.132012916577486643e-04
5.025265668447491917e-04
9.828972468178868126e-04
-1.113750767542167350e-03
-1.534476650313485683e-03
-1.086022513811266826e-03
2.390690838056159682e-04
1.176382816500974207e-05
9.944999356134559933e-05
2.490298724740991018e-04
6.345694704445364919e-04
1.595913097371192508e-04
-5.539802055522594906e-04
-6.022904867348738769e-04
-5.692076560463023120e-04
4.102914669554547783e-02
1.249958118512466548e-01
9.545241721828594261e-02
1.714722027870268714e-02
1.115843448788436838e-02
9.577356746957116362e-03
-7.642384049185946444e-03
1.739606502551998418e-02
1.552739592422012344e-02
-1.229722526319985444e-02
5.948807335628519301e-03
4.812433125450215829e-03
-3.174308960888880433e-03
3.854890928319792270e-03
-2.700675199539620541e-03
-1.031209155468067618e-03
-3.306857486371114676e-03
5.846989306668939511e-04
4.093284483211214950e-03
-2.754342771550566827e-03
-9.673681412695931629e-04
-2.638190672716231137e-03
4.349964414159062623e-04
3.014853813100322596e-04
8.224099166920787645e-05
-8.255107066337017774e-05
-2.602625519592141026e-04
1.970740782019288505e-05
7.601540208345476017e-04
-1.042397748494958533e-03
8.946759196707446918e-05
7.240477390818521580e-04
2.488801829630463611e-05
-1.557978608739606584e-04
-4.514780669576994791e-04
-1.863217056769426013e-05
8.747637509440707128e-07
-1.032811682089102636e-04
-3.325035416888964812e-04
4.677253014725636133e-05
1.410397622392705382e-04
2.153180681881834246e-06
7.242482001169484455e-06
2.666460555017394836e-04
-1.132861911550261740e-04
-2.039801310838710343e-04
1.840305040269771763e-04
-3.558667481214313789e-04
-2.460890613501834324e-05
-1.700205265201439465e-04
2.652134237379892871e-04
4.117566766730077626e-02
1.255802329244689319e-01
9.157721524740489172e-02
1.771597015527688959e-02
-1.350030530127122388e-02
3.552648978580876752e-03
-9.916668993427748061e-03
-1.944856244152363967e-02
5.023489868273339418e-03
-1.513650184227214451e-02
-4.853326415627278075e-03
-4.102427587278366144e-05
-5.153771190292694496e-03
-1.803416235415223733e-03
-1.218660231436853938e-03
-2.587757060338262129e-05
4.700423524712730311e-03
2.920197571714654595e-03
-9.982212836272825584e-04
-1.212498079194027642e-03
4.896648178830280201e-04
4.490757436282624346e-03
2.598475552347467507e-03
4.469748987786532749e-04
3.057675837014985683e-04
2.482975465359750847e-04
2.776100115210430918e-04
-4.050534920936539108e-04
4.890096736313119660e-04
5.239667293302510903e-04
2.274198302842279256e-04
6.005393693383163098e-04
-4.892039293297403444e-04
-1.040157016762166845e-03
-4.727977711304672676e-04
-3.754010188362429828e-04
7.516238959644887545e-05
-1.288104045004417224e-04
-3.403920477300396621e-06
-5.234075247427892174e-05
9.481372859116976571e-05
9.530306687003535276e-05
2.597347273994220175e-04
1.371415849923075998e-04
9.638615954075625207e-05
7.778054921707583424e-05
2.465343067536393301e-04
-3.363130123373505594e-05
-3.279423940358142434e-04
-2.560993631055354146e-04
-7.228063115161129993e-05
4.126243757044499583e-02
1.270311758458357865e-01
9.126974306954388494e-02
1.524113955763915437e-02
1.052445895438645701e-03
-1.706117804048823405e-02
8.970002254679595262e-04
1.842232760326021615e-03
-2.531562878036605277e-02
8.955016026938727178e-04
3.398866139252425841e-04
-5.108163479551041004e-03
-2.378416962285936323e-04
-8.387595009422226097e-04
-6.391964904340088037e-04
-2.947469393198397757e-03
9.490357436250597054e-05
-5.068201577038906717e-03
-3.699012981103608948e-04
2.456063914837567546e-04
-2.735957457917528347e-03
-5.452481614899793425e-05
-4.466056501927892844e-03
-3.417815594349058296e-04
1.529333197868554782e-04
2.632454410108611893e-04
5.067754040451420694e-04
6.915218880411518531e-04
1.157052035156886944e-03
-2.288899371825747940e-05
8.731959081155394762e-04
-7.656290680287958781e-05
-6.349314131660847697e-05
-1.087162262503970733e-04
-1.181701884281151132e-04
-2.910131489106713510e-04
-2.745088739508541920e-05
5.607600297789882128e-05
-1.060522602626506444e-04
6.941537013891883531e-05
1.919728044375735177e-04
-9.671164661569054636e-05
-1.397935296426272632e-04
-1.080712675134814620e-04
-1.161248416558248702e-04
1.192452122230620821e-04
-1.851173828816273328e-04
2.014013014806649820e-05
-1.839695217428904278e-04
4.602534097270214754e-05
-4.563992579635957076e-04
4.071382985641795738e-02
1.242011817491762982e-01
9.492785229342579068e-02
1.792611622473469501e-02
-1.460262273536244194e-02
2.105975005313542522e-03
-6.854274639428086478e-03
-2.356904106373959931e-02
3.644438509634758717e-03
-1.127756438639587744e-02
-6.577482948940537207e-03
1.304713623188761759e-03
-4.660904701922041760e-03
-1.150651455635081678e-03
-5.467623641638148877e-04
-1.331641422033021322e-03
3.729263408111707211e-03
3.932124923308123049e-03
-1.415446030998893448e-03
-7.336271530895902004e-04
-1.198170964386764594e-03
4.100169991762053420e-03
4.023992080480460511e-03
-2.050900321377442919e-04
-2.941543022865029337e-04
4.961163364936746175e-04
4.278013486475337008e-04
4.334223237747891907e-05
3.757625686795088905e-04
2.241614293330615720e-04
4.853461507665853713e-05
7.474406630540576628e-04
9.613092263805768627e-05
-9.926433919581222932e-04
-8.721678136262539082e-04
3.069494531470230093e-06
3.119360078831581728e-04
-1.066457478720429737e-04
-1.846090859593051516e-04
-1.754303130335531727e-04
-1.804741201583405193e-04
-3.201314088785111559e-05
2.574381103602280878e-04
1.091370877681680272e-04
8.763359086806387068e-06
3.731044956330295293e-05
1.331394007257925827e-04
3.730295641830734510e-04
2.656512019031658254e-06
-1.940255084012728628e-04
-1.492773675482370857e-04
4.062772672812441088e-02
1.246367589745002863e-01
9.270930713632603848e-02
1.640189878853431579e-02
-1.843825085492930877e-04
4.444035923086754429e-03
1.588907450516159961e-02
6.754796287189162999e-05
7.444138328135183405e-03
2.460444077176721089e-02
1.541396674517705523e-04
2.463510709807826150e-03
5.915425594783001693e-03
-7.877780968191282679e-06
2.572185938806275177e-03
5.223275942661595797e-03
-1.170121619067515390e-04
-4.029610561631778070e-04
1.032418268810056931e-04
3.007069690392777470e-03
4.709967050660500767e-03
6.064538322266282440e-05
-2.688943274745813510e-04
-5.625182964313485943e-05
1.044889579538383988e-04
-5.107451379277095672e-04
2.081708966815685221e-04
-2.413798542046179899e-04
9.035448869977995312e-05
-2.698432205486020165e-05
9.862658754279021028e-04
1.249269536075990139e-03
-7.230466170957763905e-05
-1.854830586299479689e-04
-1.754386720762958572e-04
-2.331102868040281679e-04
1.682867454404906064e-04
1.436939050851843995e-05
-1.684500396017837138e-04
1.468089550370121009e-04
1.005381547940028164e-04
3.334338919749666027e-04
2.054778203896526125e-05
-5.129887060932561962e-06
1.205333573844639885e-04
-3.777779669823256854e-04
-2.449231354288115836e-04
2.216385358274608532e-05
2.730944404819031610e-04
7.730408213660210266e-05
2.325439194448304517e-05
4.048870042571234978e-02
1.239372798944399640e-01
9.723915326213551646e-02
1.731601794799634414e-02
1.355049008226342187e-02
6.310865771950812872e-03
-6.308673820684493339e-03
2.270354876681390452e-02
1.068210380928448500e-02
-1.092667508325263249e-02
6.159622461138249995e-03
3.845039402024032736e-03
-3.402775193646229070e-03
3.359950342929610059e-03
-1.514820058477948017e-03
-1.621359219775190185e-03
-3.315786962191930119e-03
2.780151161834229414e-03
3.153676643981598304e-03
-1.866567000513013209e-03
-1.508275452178692386e-03
-3.514295096552595525e-03
2.623970957599456970e-03
1.097659696707682447e-04
-1.294356085005371590e-04
-4.606347776439053191e-05
-7.023015548111077107e-05
-3.372629631586324507e-04
9.951871266190928395e-04
-7.791972690941374085e-04
1.146439932748124227e-05
7.463508720674271769e-04
-2.479520130303239042e-04
-6.876502416207526391e-04
2.232164108472939692e-04
-2.681749896789118858e-04
-1.575837273567439660e-04
-1.845779675556034048e-04
9.111702413715684086e-06
1.321288863072321075e-04
2.115976694813422986e-04
6.449858925812775718e-05
-3.105354557154642466e-04
3.322330052612108755e-04
-6.648816294637072924e-05
-2.824682528787835056e-06
1.013731774995339037e-04
-2.917697440363292293e-04
-1.733909810715633491e-05
1.882475613640414080e-04
1.511194151852996749e-04
1.403389784572309507e-01
3.437469890516516302e-01
1.152257838897263964e+00
1.816227191094335502e+00
2.184320972325985988e+00
6.264934078485052682e-01
-2.011746830309842360e-01
3.820923617164246888e-01
4.379608005774388024e-01
1.998495601905968255e-02
-1.099876836327459012e-04
2.140540242303208009e-04
-1.345051082787255452e-04
8.611343998274371351e-05
5.919047467099121948e-04
-7.270782562423753342e-04
-7.299176215935452563e-04
1.056637628597321358e-03
-7.289205717744656450e-04
1.747545994702442247e-03
1.389766653815632021e-03
-2.003742223881833841e-03
-2.978204332404711316e-03
-7.654770042783878847e-03
7.343713263344510238e-03
5.538627702571763747e-03
-2.942073545708925007e-03
6.926168457335561690e-03
2.626906923733973026e-03
7.984947482062288576e-03
-8.367757991055197082e-04
-1.039366060608809945e-04
-8.747361492439526540e-05
-3.649229506706679066e-05
1.074368008346900181e-04
1.581032460640925371e-04
-1.524521724986661886e-03
1.534984768126161506e-03
-5.960777418117125127e-04
1.132688378864268484e-03
1.616576987174250107e-03
-1.234323050965844453e-03
7.216173740662020636e-03
4.936720756595104620e-04
2.833491371268506871e-03
2.608896700398181164e-03
-2.340279209416205311e-04
-4.845399850938804896e-03
4.154612139613579613e-03
3.820224486715555548e-03
-8.157647076327734573e-03
3.049606225209509306e-03
-2.496163841282688072e-03
1.642847014282187426e-03
-1.011705361219906286e-05
-1.509988177780892740e-03
6.865217869197554057e-03
4.818574181815298685e-05
5.826750576016620151e-03
7.090241478690848843e-03
1.569266819493150486e-02
2.242703620247438884e-02
-1.237239626602090574e-02
6.109074069298521710e-03
-2.756445628567713232e-03
1.240132435542262365e-02
1.256036192703171260e-02
2.015247409285151475e-02
3.146168021014578847e-02
-1.742311529976765458e-02
2.369474358108160632e-03
-3.260578371364698303e-04
3.109629462071510433e-03
5.830994119989789740e-03
3.003453800972518458e-03
1.000770659332117767e-03
-3.897803852543217152e-04
-6.214606693181337974e-04
4.954742728271964696e-04
2.895668782644760745e-03
-1.314482641073853354e-03
-2.300363408078138269e-03
5.559121617984315832e-03
-1.607187548408680385e-03
2.818615555372617262e-03
4.826754069953350344e-03
-8.102234514048245418e-04
1.128113839284222231e-03
2.265192689214309395e-03
-5.073311440261091525e-04
-1.002891990132002541e-03
3.099172929469897614e-03
-2.195259783783061643e-03
2.160881678972597676e-03
3.083305246944890478e-03
-1.303337710963780747e-04
7.443426396121552826e-04
-8.443399579192026674e-04
-1.078709313420838397e-04
-8.515037602382397475e-04
4.155388339800334340e-04
1.331991201362711533e-04
2.450933883613662248e-04
-7.588433745795290005e-04
-5.845481338233247644e-04
2.959111333669275749e-04
1.401818077459512646e-01
3.440345045352831699e-01
1.151596933678331602e+00
1.816827798465244115e+00
2.183445308073476809e+00
6.275007755846896407e-01
-2.013461128920018273e-01
3.849506644570717673e-01
4.210539113676070588e-01
1.249730382758252462e-02
-3.040637155082766160e-05
-9.223048750516366849e-05
8.201775094425262005e-05
-1.595370797576918051e-05
-7.294176798306610575e-04
3.623662484048234913e-04
-3.707303391698897068e-05
-4.586927589517311244e-04
3.005386531376770141e-04
-3.721187693658325481e-04
-2.481440073533217397e-03
1.347736783217161468e-03
1.468054994447981314e-03
8.904133295011025864e-03
-5.237971219382147985e-03
-1.272230253057865306e-03
-1.204457127467039885e-03
-3.810507297073856812e-04
5.659293655168975198e-04
2.511790628766121490e-03
-2.404100471160953729e-03
-5.748967542568385927e-05
9.580981301149670804e-06
-2.599299294425739279e-05
-7.126247660166469230e-05
3.721842240197601252e-07
-9.868845302064533330e-04
1.995523670952223383e-03
-3.904157386692843441e-04
4.345139932839105039e-04
8.187889472855958660e-04
-2.198029367629257113e-03
5.704595683103280343e-03
-7.796819503605947497e-04
1.115116268234711116e-03
2.758222927713071138e-03
6.436142068148178021e-04
-6.172795699855666493e-03
3.042387892552058867e-03
-5.367765630219116296e-04
-3.270552977771949699e-03
4.298439242073283140e-05
-6.003479055339198652e-04
-5.850035912550848862e-04
-4.869369065799622931e-04
-8.245984948635472298e-04
6.704831581866048905e-03
-3.441377867730540437e-03
-1.390787860804825610e-02
-1.471931028696977367e-02
-1.165132483460547264e-02
-7.535698982994906356e-03
1.822272585606271589e-02
9.431414986777948359e-03
-1.695650406799089575e-03
-1.960195728801380696e-02
-2.044777124159613893e-02
-1.538725215597698537e-02
-1.420358479719364096e-02
2.336766336986039264e-02
1.605642582202936042e-03
9.886870937864417497e-04
-1.683538379932142219e-03
-1.305705254660142469e-03
-2.296183738803312616e-03
-4.662060343310069598e-03
3.554103008710514378e-03
2.808729077600857858e-03
2.497984369882796669e-03
3.104453961980155764e-03
8.751934530790856639e-04
1.546918704487610600e-03
3.347981966850350523e-03
-3.948242061753439412e-03
4.543081527270621291e-03
1.220065322603266144e-03
8.991238169186256722e-04
2.166921193945156848e-03
1.850548342454000307e-03
2.063587446370241253e-04
4.178662503507255292e-04
2.107691229535234214e-03
-2.886527877024295478e-03
3.259424006277314087e-03
1.490712887826706190e-03
-1.854519903469404652e-05
-8.206046212563246562e-04
7.567112324745652865e-04
2.544880762602213706e-04
7.749706055604034050e-04
-5.229809145680052417e-04
9.662054259793434973e-05
-2.876781986743818294e-04
7.060305669129907959e-04
4.132557332997318224e-04
-3.664648801699835483e-04
4.126734354519433212e-02
1.275461929877314271e-01
8.930674221813852953e-02
1.801889236510332074e-02
-1.801419583038561074e-03
1.552759524262908343e-02
8.167686844665792562e-03
-2.495969476650765524e-03
2.197672250108259270e-02
1.065962394697015335e-02
9.662443720396671947e-04
4.285970104246446602e-03
-5.086383778729827460e-04
-1.046566657749450902e-03
4.440545055169717488e-03
-1.049894058728152767e-03
-6.275842296072830975e-04
-4.161004096987157286e-03
-7.468891189780841504e-04
2.566371283069787679e-03
-1.853087444164773327e-03
-2.116393826990103103e-05
-3.119040762272172473e-03
-5.301963731627517065e-04
-1.985910941014464286e-03
-7.718955702030133679e-04
4.135680495355202255e-04
3.046071061308404230e-04
-6.826068935610306049e-04
-8.574512013777971556e-05
9.339834783437361138e-05
-7.311465008941155823e-04
-8.347437229977466193e-05
-1.234309490508974858e-03
2.392569371515447627e-04
5.210045117403411301e-05
-3.177916337649883453e-04
-6.641733848406100073e-04
5.396421253446408839e-05
4.103841656293409374e-04
8.947114296047919187e-04
1.745270565912318680e-04
-1.069505858587995270e-04
4.922038860788067668e-04
6.351390184831392323e-05
1.917690986118708661e-04
7.302654579622737505e-05
1.732355089710994965e-04
7.056208547027322648e-05
-4.986920129671179548e-05
-3.100144883611070912e-04
4.128607586230349791e-02
1.289667325586958402e-01
8.512288679934554292e-02
8.169642658647734840e-03
-9.127868531156730497e-03
-2.593735942511693482e-03
-1.532405127950258947e-02
-1.196413080668219664e-02
-2.449273118469845554e-03
-2.089661769966976237e-02
5.292277132714333192e-03
-1.731481350487803269e-03
-1.574477291165174994e-03
7.478445905938770847e-04
1.136157792892444028e-03
3.707959027420369615e-03
4.961673139813990024e-03
1.478722304877644420e-03
9.571055862158523147e-05
8.711564345440657615e-04
2.835280536713046320e-03
2.040693929044115184e-03
2.308891369796042727e-04
-5.667588309911078450e-04
-1.967469649921133469e-04
1.194792922834458178e-04
-2.299675259449034028e-03
-1.402139176613710365e-03
-5.933273930573422007e-05
-2.962724584824945220e-04
-4.512958481133987326e-04
-3.440686686142530471e-04
-1.237707352610653349e-03
-7.528849224264758024e-04
-5.079959031341116897e-05
1.352954828750541625e-04
2.344204540229958709e-04
2.405541080568246925e-04
-2.003213128192325894e-04
7.346914442218093920e-04
8.880107461886807812e-04
-1.920669857356973188e-04
-6.524709542571190894e-05
-1.160970855956382669e-04
-5.472017754479530365e-05
-6.964522553716274555e-05
-3.345370610854792709e-05
-4.986806164767779810e-04
-4.521645049076766115e-04
-5.936485248899645738e-05
1.738675173182410542e-04
4.140950621063729797e-02
1.260063564749127063e-01
9.878022084097802524e-02
2.085388505851766897e-02
1.619024441517688540e-02
-1.506691707802636703e-03
-3.943005912205820723e-03
2.570763868181676418e-02
-1.411079415472977832e-03
-7.215783497120840939e-03
7.379142631165535628e-03
-2.621969827498410975e-03
1.477708854491098208e-03
-7.823424932251566788e-04
2.411210313760208247e-04
-2.444806831789800555e-03
-2.527255962185539963e-03
4.873714546509485580e-03
-4.368027242781259960e-04
1.772030287766372322e-04
-2.106492828388450457e-03
-2.160360335454144555e-03
4.374720973297217472e-03
-3.299482991208885869e-04
1.744593111363493959e-04
-1.747051139218128624e-04
1.082388968357914788e-03
-4.498686577063790745e-04
-2.947956216138332007e-04
1.908951631891695692e-04
2.063529522505889882e-05
4.430887883393578881e-04
-6.805216747717286307e-04
-7.885816887338248588e-04
1.204487109830809990e-03
2.445130334327370153e-04
-5.182738926412033072e-05
1.822987902687195995e-05
3.838963980711968671e-05
2.780351579912155864e-04
4.137045448121249203e-04
-3.461580385429545285e-04
1.160280911713552226e-04
-2.534784127571451350e-05
-3.864341217243505363e-05
-3.433938622799020729e-05
-1.647088160854961460e-04
-2.283161803883007059e-04
2.133927581214569889e-04
3.816776390194821030e-04
-3.238709407968924582e-04
4.125603935704402064e-02
1.264539578725217273e-01
9.420151062485015991e-02
1.601222553417581615e-02
8.542223118342844035e-03
-1.406749717119959095e-02
-4.854718181804098739e-03
1.255415328655438804e-02
-2.153312432961709821e-02
-7.322803217002682441e-03
2.669699214205751431e-03
-5.436209581051505528e-03
-2.119811950979252901e-03
-4.249664383856427766e-03
2.465843587090814013e-03
-2.355991395597064643e-03
-1.524249317154302043e-03
-2.270680947348723954e-03
-3.727970244383388247e-03
2.231351992598578759e-03
-1.894516971818158450e-03
-8.778906014169246021e-04
-2.208732098485930058e-03
4.717692094827698646e-04
-5.529165346404043662e-05
-3.462194697058889161e-05
-5.992175123445028209e-05
-1.963320155602804912e-05
-9.252040562013605959e-05
6.352484841408510396e-04
4.907908111463704041e-04
6.094821442688941977e-04
-2.153487308163687375e-04
4.568481222026703334e-04
-1.130762804612733211e-03
8.027624706506942761e-05
-2.238342620117723098e-05
-2.590049866688276569e-04
-1.507786904896433935e-04
-2.135643146416928444e-04
2.035407491394065002e-05
2.484689881189989570e-04
-3.533124609148326624e-04
-1.403481500875754401e-05
-1.266602397993010049e-04
2.774750059624476670e-04
-5.185184401837733271e-05
-8.330516588964096184e-05
-2.703024812846684653e-04
-1.841277373255229238e-04
1.228276101378642719e-04
4.066346050975917087e-02
1.245162635286226616e-01
9.319525015602846130e-02
1.733733178054366886e-02
4.377095268565210986e-03
4.020753110015045859e-03
1.550132839947822132e-02
6.226491603498850516e-03
5.846789433645803100e-03
2.398121797439557723e-02
2.697675942479726714e-03
-1.012609525470160692e-03
5.909127945075576087e-03
6.876949151793321441e-04
2.360929091839666840e-03
4.752992483225322758e-03
2.420157647620909628e-03
-1.010406019664335370e-06
2.410273862922563694e-04
1.643946185954301732e-03
4.638699786903024112e-03
2.303192163536190145e-03
4.029884877223455946e-04
-7.655463783309651943e-05
-1.395510275740047745e-03
-1.139701431744636804e-04
1.852799900002007476e-05
2.726363450329973817e-04
-1.799370131326814202e-05
2.964454797642242234e-04
9.362866334275632635e-04
1.006348970234816759e-03
8.415560590232862900e-04
1.269615467671725870e-04
-1.356934581400590285e-04
1.484385347780672654e-04
-5.281930354129093564e-05
-3.880736531018907746e-04
5.480707561001236350e-06
-1.275164017975123794e-05
2.631456651731649301e-05
3.791527012426403487e-04
1.074752276063804763e-04
2.888484348324726783e-05
-9.744808277311035286e-05
-1.496848536311019742e-04
-3.614548554163668492e-04
-2.860229267377393169e-04
-8.418116620494708901e-05
1.583117840832272557e-04
2.923079444813798835e-05
4.075695360810290685e-02
1.243097357819530902e-01
9.526544988886946619e-02
1.762294395925857737e-02
-1.615951410492286189e-02
-2.962166401316880786e-03
-6.968255583783277167e-04
-2.561726647859627684e-02
-5.376857334584345116e-03
-1.138783865915991454e-03
-7.847366212750304937e-03
-9.851483480634567265e-05
1.157663198054148133e-03
1.930789284471052863e-03
1.058227121686337212e-04
-2.984893841987631274e-03
5.173629434196346747e-04
4.720132218981970725e-03
1.761255408517035503e-03
1.841959570227728860e-04
-2.758074005042810469e-03
-2.308968239067142359e-05
4.476320388517505272e-03
-5.717649172016376615e-04
-2.745511915907771663e-05
-1.922150422156995795e-04
-3.661733734881092201e-04
2.219994107891769394e-04
-7.115405294587050494e-04
-7.251052340291774974e-05
2.742145249476432437e-04
1.746990435981661766e-04
9.505268458020374976e-04
-4.328581430300244511e-05
-1.039356343585497904e-03
2.480877053666297682e-04
-1.718838092044059642e-04
-2.459290301463377200e-04
-2.824009846502887472e-04
-1.620564755963288750e-05
-7.568720098789067001e-06
1.158241780138917854e-05
-3.359612757665868298e-04
1.434523353402498123e-04
2.451815835392319866e-04
-3.792797876744617187e-05
-1.546465181517339314e-04
9.023932504633514525e-05
2.376209630099757910e-04
6.642871173733377112e-07
-2.199456929111454084e-04
