1.401005166258775247e-01
3.442399496296913441e-01
1.151292489524004869e+00
1.817345485390301052e+00
2.182972959147565728e+00
6.278872336169970536e-01
-2.028462653843932650e-01
3.872611868912692601e-01
4.184854276901490144e-01
2.585651116425631557e-02
1.280856049488074151e-04
1.195908204840540149e-05
5.287398467598422369e-05
7.964079226284090634e-04
1.968754134888182528e-05
4.747379529801683349e-04
6.450841883163322332e-04
5.232471231805584723e-05
2.605971916390599258e-04
2.600887464927277744e-03
4.434482406247562724e-05
1.739870905758694741e-03
-9.623695031935474917e-03
-3.837480255899277997e-04
-6.312723192161956605e-03
-1.545391345508916091e-03
-1.953195276219961743e-04
1.283870660627307522e-03
3.760303313604930649e-03
-4.581383203289711225e-05
3.683359130803873574e-03
1.947884412009723485e-05
-2.493202612989760603e-07
3.754574808489956241e-05
-8.170600920353972480e-05
-1.963876669037599538e-05
-1.469173798186819478e-04
-1.715518110417119915e-04
2.817213154867918238e-04
-2.079112203064992052e-03
-1.644156625471398766e-03
-5.363189666607420499e-04
-4.421403350764967601e-04
7.161774739766312969e-04
-5.756390263153210278e-03
-4.764952186899325259e-03
3.659502374333741274e-05
2.647790227437112238e-03
-3.505777336833047308e-04
4.670882092151548877e-03
6.486300563184109122e-03
-6.952671595018543337e-05
6.792805811973063072e-04
-3.085577638908460797e-04
2.093301013411945702e-03
3.042554807956805024e-03
4.603789929055223003e-03
-9.621555853736443254e-04
6.259982416583505412e-03
3.292560705412793539e-04
-3.530293289060656373e-03
3.055351821861646000e-02
1.568561824864132944e-03
6.699360559644060818e-03
-7.584650995328202959e-04
6.927829813407869637e-03
-2.945426429475189907e-03
-3.042109854865906234e-03
4.239548296348158440e-02
5.302769081854662517e-03
9.909451304532296192e-04
-5.957321422551938386e-05
-4.625289648144954413e-05
-2.358235139242553444e-03
9.517303955836644820e-05
6.637020000400335566e-03
1.832320318592034177e-03
-1.637635929383661417e-04
1.141667003237872282e-03
-4.576994680438936777e-04
-2.281286001699667741e-03
-6.132313031023263299e-03
-1.463064092804624910e-03
4.669325021245439647e-04
6.058996554742906429e-05
5.550923682863576590e-03
-9.166348274668978369e-05
1.021025472848349292e-03
-1.840188342745780901e-04
-1.172213619343633528e-03
-4.227398628331831276e-03
-1.507730294446908356e-03
7.849958309557042305e-04
1.216887748344323622e-03
3.475279524183800487e-03
3.052837546585386737e-04
2.359112976736830103e-04
3.065624767349995369e-04
1.867353389746900262e-05
-4.201247241039291928e-05
2.275756716375192438e-04
-8.400595299212242940e-04
-2.530108494040517251e-04
9.035911115950606958e-04
1.184786441571999407e-03
4.417171625512215601e-04
1.401093919729783088e-01
3.441887311494738477e-01
1.151310448867026270e+00
1.817206717095812385e+00
2.183075269128785578e+00
6.279623894216385116e-01
-2.021316123580311208e-01
3.867607678389756720e-01
4.149918916260524338e-01
1.523455836106315034e-02
-1.244893852905061310e-04
-1.990005570265800049e-05
-8.141224407693472859e-05
-6.282215222184514124e-04
-1.642041333882441505e-04
-4.288162790841446243e-04
-5.766177613226801087e-04
-1.121152170743763029e-04
-3.396439540318657558e-04
-2.083541526187359695e-03
-6.080565272887574098e-04
-1.653170616454584674e-03
8.581815127977636751e-03
1.446033543913161036e-03
5.757803662715982491e-03
-2.044536439788269993e-04
1.493478168717570420e-03
3.379670152560601396e-04
4.606641151317225754e-04
-8.091528162136821939e-04
9.018418628648408987e-04
-1.962927555817783955e-05
6.864426690947085920e-05
-4.622538886082275895e-05
4.853519832796009522e-05
-7.206270003303449879e-05
-2.448189619718233248e-04
2.288543229511989471e-04
-4.174383595533460100e-05
-1.704582233450441546e-03
-1.849340622985549748e-03
-6.879609712159787810e-04
-4.050529501620210408e-04
7.702543885937277813e-04
-5.538954459092371337e-03
-3.986441804828229525e-03
8.938672253184816582e-04
9.022979562063383231e-04
-9.254603014430702861e-04
4.893744154027938192e-03
4.945387031390973895e-03
3.425864377613042867e-04
-1.568136148805840619e-04
-3.261316603839959261e-04
1.590796421346303774e-03
8.440074371543047514e-04
-5.526149275405854537e-03
4.085928112876373243e-04
-7.551403727971100002e-03
6.834399517315825276e-04
2.577470574024459584e-03
-2.985339379088278525e-02
-4.021555348723426120e-04
-7.388185012205170273e-03
-4.902789725475185765e-05
-9.037217384429063402e-03
3.986775511215135022e-03
1.748547137272902716e-03
-4.107825585521682199e-02
-3.793868602534670315e-03
-1.003941508170499985e-03
-4.839722981827343572e-04
-7.619146091105874182e-04
1.439969669506376481e-03
-6.683875856858931177e-04
-5.982682931708055776e-03
-2.069215802183133404e-03
1.142411259701616490e-04
8.365699599960389407e-04
-2.173095817201800583e-04
-3.025217204504966964e-03
-5.741489843058355559e-03
-1.121082305346405086e-03
4.619925696497819800e-04
5.380791340191960325e-04
5.523525170580558842e-03
1.527369379969210981e-04
7.470476764452521666e-04
4.882810987496299021e-05
-1.658771981754763930e-03
-3.569590895000132689e-03
-1.202572267849169119e-03
7.025440420056661313e-04
1.427161685115006535e-03
3.742838506756973257e-03
-2.200562837854741190e-04
-3.755299627885349753e-04
-2.283608378770132297e-04
1.536725543880492498e-05
-2.708281535020345997e-05
-1.653660662526570491e-04
8.784545483153708388e-04
3.237847112042799053e-04
-9.286769921731299199e-04
-1.073748005664747554e-03
-4.345007909905437252e-04
4.109271772656403893e-02
1.265085808655838640e-01
9.244613150401158330e-02
1.662964636410417529e-02
6.871258277466881599e-04
1.505449267785008600e-02
8.088366999016462916e-03
1.764977901788124682e-03
2.241862440609314680e-02
1.242559863434293359e-02
8.254442748368217512e-05
3.909528796884084549e-03
4.347383189696487488e-03
4.581497119758798169e-04
4.351419107655450993e-03
-1.080764269788005421e-03
2.389323541196424860e-04
-4.122505747049376619e-03
6.521110837411888198e-04
3.937896217203198761e-03
-2.867558366961978685e-04
2.086579211930899940e-04
-3.190914523488662998e-03
5.045235846331712549e-05
1.249300341095593186e-04
6.671966884874784001e-04
5.984560258875413688e-05
5.771286023224472296e-04
-8.012598688814250546e-04
5.376915543186260471e-05
9.741883279992331572e-07
-5.966974370997441858e-04
-2.451508355451988551e-05
-1.211103760972445263e-03
-1.766165351128855525e-04
2.384839261401455447e-05
-2.139382979881812534e-06
4.378251107615970818e-04
3.877227873401194647e-05
-8.909199517182350627e-05
4.120526726385973729e-04
-3.749025373900433767e-05
7.608766452688320574e-05
4.186057393586514047e-04
-1.465217176614419807e-04
2.947636820502057254e-04
8.341333781358551791e-05
1.504487137784996070e-05
1.815318106090851120e-04
1.643079864625299452e-04
-4.283587284142581719e-05
4.109242859735668524e-02
1.267825798799789849e-01
8.991294748352010591e-02
1.480936030313748618e-02
1.351053271997096003e-02
-1.476149525573237442e-03
-1.072806632031487496e-02
1.975561319383928663e-02
-2.129831209909754507e-03
-1.498516574386249064e-02
4.282957231048527096e-03
-1.200138069093839707e-03
-2.575258992284657194e-03
-5.388794309403650189e-04
5.026750440368752283e-04
3.951491344896622664e-04
-5.047386068803777839e-03
3.165783991130769175e-03
-1.009070371957743835e-03
5.898942263626723000e-04
1.429906341218291917e-05
-4.125080337329701217e-03
2.610690277701306974e-03
-2.586693541340933214e-06
2.017223329274020819e-04
-3.390885306912393019e-04
6.133528999398031849e-04
-1.624851117147510569e-04
-2.398148239395155241e-04
2.381268218505033047e-04
-9.686909191606279783e-05
5.003723082152241892e-04
6.511822008920670202e-04
-1.222014049203451642e-03
4.013291903498005029e-04
7.456227613030245657e-05
9.998750779936178075e-05
4.889427739738487109e-05
1.756359289660426213e-04
-1.058140185326184333e-04
5.423874644341814032e-04
1.408769512633949263e-05
9.697033467110104154e-05
-1.059031858158708338e-04
3.956109389787788606e-05
-4.826771493938237823e-05
2.192755511923192890e-05
-1.665613958454660723e-04
-2.833181603582429742e-04
4.571266000828793025e-04
-2.105318733847660331e-04
4.115266984834514002e-02
1.261751938184389188e-01
9.440109941040249197e-02
1.873429038822313139e-02
5.727310790524004110e-04
-1.269104587609097209e-02
1.144522317946191151e-02
1.286205127462448049e-03
-1.921961101942479613e-02
1.744038530079945054e-02
4.299760085340980612e-04
-5.266412109306548885e-03
4.853370765540062845e-03
-2.327075286741159255e-04
-5.196798388276558343e-03
1.007361028450772357e-03
2.340103170566009078e-04
-2.830254711754357638e-03
-6.203213258175430426e-04
-4.517155029507488595e-03
1.123994188453741666e-03
3.188862344868971803e-04
-2.642462081214832538e-03
-1.664899692139395180e-04
2.787204671834676265e-04
5.440814146525090049e-07
3.457964561810661960e-05
2.164590032068485870e-04
4.504077031772107400e-04
-7.086066788934788127e-05
-8.631495178515512581e-04
-3.654944673268622742e-04
2.828544601183816747e-05
-1.224805390523062273e-03
-9.473966391622729477e-05
1.828043534313785173e-04
-6.473174540771877252e-05
1.562055729927239601e-04
1.358378877851508753e-04
-1.491056509536047567e-04
4.681715138240157524e-04
-9.366044350631468919e-05
-2.563706257043824648e-05
-2.836695117125212712e-04
1.971463379955837097e-04
2.076895445024722547e-05
2.664419812187368694e-04
-8.542403771955607626e-05
4.802573235921878147e-04
8.594568784075751449e-05
6.565874123547003058e-05
4.121669398730607586e-02
1.262537517774081353e-01
9.363750360107453430e-02
1.768842129283797193e-02
-1.366166952727046653e-04
-1.518983102071510757e-02
-7.702876679413188897e-03
-5.835147793837923511e-04
-2.279645450182794450e-02
-1.191728657673660555e-02
-5.644790189906142034e-04
-5.726599433278722548e-03
-3.434594059514933795e-03
3.356353825829468980e-05
4.125225868658165089e-03
-1.152446830201964579e-03
5.486205903177945539e-05
-4.071707928673538174e-03
5.390626483767586245e-04
3.952244204784096521e-03
-8.158469665780553959e-04
3.044028128170794413e-05
-3.762821465631857251e-03
1.778910563878085204e-04
-1.755260872426347063e-04
2.629792895597798442e-04
1.469110847621207740e-04
3.625813808624017871e-04
8.716557491936158253e-04
1.596654314388189328e-05
2.554424479660466000e-05
6.327576389541727337e-04
7.833291255153573181e-06
1.185356319175868501e-03
4.363042773912171761e-05
3.797104277015931446e-05
3.241000573202856339e-05
-2.000689439818039621e-04
-4.346470105942756239e-06
1.336836742517855624e-04
-3.748838645069696549e-04
1.280886373824353757e-04
3.814292470610854130e-05
4.035970387767821919e-04
-1.681737960575632696e-04
2.766494334810425787e-04
8.180423449325129168e-05
3.433020402447023602e-05
1.529005825183224541e-04
1.232542977956053369e-04
-7.810976544605504430e-05
4.056700554504136247e-02
1.244121617413554565e-01
9.408915151528228493e-02
1.763632584617289695e-02
-1.313183187097639870e-02
1.102927153216497723e-03
1.001132084664403850e-02
-2.099952674563694208e-02
1.815140841980614813e-03
1.533511852742042679e-02
-5.920384521544334519e-03
2.117375887470739700e-04
3.660592960187194350e-03
-5.649226676018484061e-04
4.587599744125379518e-04
2.803226739789687759e-04
-4.868129047585021546e-03
3.184684790330344697e-03
-5.544203207200092739e-04
3.224032898119318005e-04
-2.085210079828781708e-04
-4.667241225568458801e-03
3.124189885441666474e-03
7.360246067303395797e-05
-4.847680922455776631e-05
-3.668198967823815891e-04
3.853756095267391697e-04
-4.874949721056616653e-05
1.814947352005052191e-04
-1.972977784986527819e-04
9.754258866477452748e-05
-5.632085479303280007e-04
-6.255811604741463947e-04
1.306823939156845317e-03
-5.134804835345483081e-04
-4.614151018696905797e-05
-1.640829534708037606e-05
-1.538065071554691344e-04
-2.247979318404345092e-04
4.363581388734080789e-05
-3.964346419964449712e-04
-4.806240562559339777e-05
6.648616376578541070e-05
-8.369092850783468537e-05
6.240544874332792035e-05
-7.530310420630793725e-05
9.736201704622871069e-06
-1.866323049572244557e-04
-2.423450873426478828e-04
4.323405577107173681e-04
-1.880112447581582934e-04
4.067598372279854907e-02
1.243181039057206644e-01
9.505555796342622654e-02
1.707325111155809719e-02
-9.628743626098131448e-05
1.152577249886026049e-02
-1.174891866754413164e-02
-5.598978677060598456e-04
1.813153626810703328e-02
-1.898028950018365579e-02
4.232038932741193126e-05
5.154021462545707415e-03
-5.454408875429328854e-03
-2.892414468702375141e-05
-5.077082014581654583e-03
1.574535583678281659e-03
9.411622113607649622e-05
-2.496676453355217273e-03
-3.795793962340947487e-04
-4.864482808368739836e-03
1.651347850260858740e-03
8.737018259099860748e-05
-2.380329579023638103e-03
4.920489091591415419e-05
9.373877316415490783e-05
8.999275904077023470e-05
3.022685966613942695e-05
-7.582138015007529432e-07
-3.686766295317848476e-04
1.929703128007697330e-05
1.021552138307290757e-03
1.960825934761231822e-04
2.740578733080322761e-06
1.206293303608575338e-03
5.726803831065154095e-05
-2.190222279445984226e-04
1.144076220348571327e-05
7.423582243623702146e-06
8.562716462505182293e-06
1.371829393099268117e-04
-3.441990271789298990e-04
4.326181016065894181e-05
-1.663721606164391811e-05
-2.249027566961903492e-04
1.670011604717408309e-04
1.087596814319704549e-04
1.691507645143569235e-04
-1.022210777069422493e-04
4.488138270918403836e-04
3.734677706234463022e-05
5.268984268562205725e-05
1.401375606420239006e-01
3.441469659761823841e-01
1.151435964191636074e+00
1.817107611023981883e+00
2.183227942948128053e+00
6.276694454394790013e-01
-2.020078629390472946e-01
3.857858397573862286e-01
4.181448991832555917e-01
2.734850731855459349e-02
-1.298683927907093962e-05
-1.588355003133592026e-04
-9.242012745073312642e-05
4.185926991150235423e-04
-6.856143505089595021e-04
-6.958286326369433807e-04
3.316308979164152336e-05
-7.922494672570894354e-04
-5.006966874731521005e-04
1.438353519381323610e-03
-2.133721917978556332e-03
-2.339811414695919765e-03
-4.909070700158643490e-03
7.582678908096255992e-03
8.115915574327909471e-03
3.103255990147787188e-03
4.656790130328327185e-03
1.272739407226812708e-04
2.620371470422245674e-03
2.250715047902642765e-04
-1.828719979805206288e-03
3.964937153896503914e-05
-1.901308027667853351e-04
1.827528608628344803e-06
7.959785645736927563e-05
7.910701101522241206e-05
9.282372492233423181e-04
-2.589491622548608339e-03
-2.635221872189887136e-04
9.505633661590862050e-04
1.270462641590863534e-03
3.480838437244483663e-03
-5.999675455931393654e-03
-1.562736496172442008e-03
2.089713276794892115e-03
2.750883494046735787e-03
-4.458034345132499444e-03
6.461501249524572582e-03
1.692746368899571011e-03
1.823601128368632887e-04
-4.667907876125145308e-03
-8.267445645843003428e-04
1.398538174801572907e-03
2.451297430837790425e-04
-4.905777997065615672e-04
-7.457195335869308724e-04
-8.148498893746566885e-03
1.422511722137075399e-02
-2.299856007606153416e-03
3.058834787738595458e-04
9.178675808330339150e-03
2.524969022167163069e-02
-1.236976035162918458e-03
-8.232877838678534163e-03
2.099968491263879550e-02
-6.479789492576290208e-03
2.950689459342996195e-03
1.252309579435399202e-02
3.489018438388932775e-02
-3.400167071735718874e-03
2.305052488914113764e-04
3.501521540997303873e-03
-2.047416045326949912e-03
1.649378108206516185e-03
1.795100335047883529e-03
5.557731476782196839e-03
-9.026176929896263844e-04
4.673818885037014752e-03
6.072328576417459003e-04
-1.017140500979148718e-03
2.799248809571351203e-03
-5.469781612632009307e-03
2.387034727315506550e-03
2.286911016664418901e-04
1.736323896734428152e-03
2.784743656018369082e-03
2.682709402513082462e-03
2.600927621800596420e-04
-1.033864399590314620e-03
1.372150344337628005e-03
-4.067141021179819863e-03
1.144426009139666925e-03
-2.863223479440906273e-04
1.628354342801339007e-03
1.926501819799439222e-03
2.643554084261019927e-04
-9.813128989041282422e-04
5.946211752239960501e-04
4.913273740322218145e-04
7.366528730082206938e-04
2.133478367416191234e-04
-2.656828338815793965e-04
3.764643220305655905e-04
-1.075078502599473252e-03
9.152733352764029983e-06
7.038161138763411216e-05
1.401779416289014313e-01
3.440158721099326189e-01
1.151574383305699500e+00
1.816779528685564582e+00
2.183545954061443251e+00
6.275760089625733729e-01
-2.008932220684875314e-01
3.842786214367566178e-01
4.175328830548143966e-01
1.668546268109464062e-02
-6.292787423017886551e-05
1.086314334053367089e-04
1.126004068874935054e-04
-3.398955695859376576e-04
6.114009772873734306e-04
6.505843741619956070e-04
-2.955003829101649198e-04
5.765738430377220260e-04
5.766363298374527603e-04
-1.284605983658429745e-03
1.826923137129040156e-03
2.096821498766301712e-03
4.049742738154391182e-03
-7.521214171345055356e-03
-7.750841790391650200e-03
5.635938009808567645e-04
1.452653972920632606e-04
-2.901813098732161831e-05
-1.797145115462490689e-03
-3.445447516637608698e-05
5.169131490260265747e-04
8.997308725941876684e-05
-8.219586180480394706e-05
-3.178126500185519634e-05
-4.428750845664703671e-05
7.498675756494580956e-05
1.252923966279001662e-03
-2.250369224433568845e-03
-4.214303995308394920e-04
4.624201317163154881e-04
1.258570858921241728e-03
2.648505438927153954e-03
-5.827686804924853657e-03
-1.359111662708736065e-03
2.867612945703191824e-03
2.461976355967880874e-03
-1.819303043740805228e-03
6.099868075164906894e-03
1.476180458292211098e-04
-8.427625916174871432e-04
-3.603801606774954293e-03
-9.251405163497211951e-04
1.781250807242804350e-03
5.840733623970473243e-04
-7.340346086303499483e-04
-4.038427700126801510e-04
8.796657107192023747e-03
-1.471122837652481807e-02
2.486876078690731292e-03
-7.475217348263617743e-04
-1.026293867831722800e-02
-2.384351698098083339e-02
1.878542017129263583e-04
9.736359911689760130e-03
-2.131442695511025220e-02
6.331378291509723831e-03
-3.259954879486808704e-03
-1.423240286793226936e-02
-3.261076569178952833e-02
2.288475837900572595e-03
4.743108297224481141e-04
-3.531536047675520266e-03
2.415204915055662975e-03
-8.364293518477673630e-04
-1.825846287171691701e-03
-4.192771189883466240e-03
1.830297504548316148e-03
4.970954609331466011e-03
-4.252837730093589298e-05
-1.512997160308442168e-03
2.930953763736346331e-03
-4.951773786523860389e-03
2.698638351610081060e-03
2.105638293664787225e-05
1.765630954749239107e-03
2.087093116807891419e-03
3.231715290154642522e-03
-4.191828650878799516e-04
-1.365589108145984524e-03
1.708729291927066699e-03
-3.232670583615866993e-03
1.595990111120660455e-03
-8.368369371770246600e-04
2.004871541806164253e-03
1.297960256163469689e-03
-1.747095280628279453e-04
8.373583516196507828e-04
-5.824841394409819564e-04
-3.906824012220344350e-04
-7.526274346497512655e-04
-4.360555163940554716e-04
2.640150523198609399e-04
-2.709986784763992454e-04
1.140736137891645852e-03
1.111674270133260655e-06
-2.200483631647988565e-04
4.110419404667678411e-02
1.263730135109789321e-01
9.574548531688163722e-02
1.746550805109178470e-02
1.463381877772158314e-02
4.901405684405598338e-03
-7.265616297015682797e-03
2.284890123799015668e-02
6.684350057832941054e-03
-1.203828036675121116e-02
6.208565168579489001e-03
7.105701113563551215e-04
-4.261903283412709145e-03
2.612197887098193210e-03
-1.300639071220185267e-03
-1.395645202209000240e-03
-3.838350272336623660e-03
3.450170602686437882e-03
1.565293571006164597e-03
-1.071120701216172859e-03
-7.505907239815857090e-04
-3.903605996787086127e-03
3.359222731453536011e-03
-6.228878137118587727e-04
1.221284295325821847e-04
4.722581161672701703e-04
-2.665998973100577049e-04
9.448233735246752913e-05
7.385599459792532243e-04
-7.090766925351400188e-04
4.054674390037247563e-05
6.281310273839208489e-04
-1.490547953144769273e-04
-9.386002502347630784e-04
5.189762306893860909e-04
-2.836492007827550268e-04
2.600902314287408478e-04
7.087465565676604828e-05
1.403463871732992103e-05
3.805907266719190762e-04
3.072923431793347471e-04
1.821201542911609001e-04
-1.624744885586172985e-04
3.230860618190862978e-04
-2.269213784578693504e-05
-3.595928990083613075e-05
4.689756514274544204e-05
-3.010825783318595494e-04
-1.741706179867305224e-04
4.077157922241889825e-04
-4.734527537048495422e-05
4.120115888572247614e-02
1.266693362238020260e-01
8.960801954036215489e-02
1.501069559257071397e-02
-1.214807003085341050e-02
-2.663783704198595999e-03
-1.216419271369893751e-02
-1.656122903326682702e-02
-3.950973924936012315e-03
-1.741327345051018813e-02
-3.843058132437655351e-03
-1.863699855231402752e-03
-3.703239706786661412e-03
1.073058292898143888e-03
1.116304586885622820e-03
1.463341236219451716e-03
5.134698181593620389e-03
2.332699986527980111e-03
1.275424494254128989e-03
9.424161885412560237e-04
1.422317238407409248e-03
4.040753103546174466e-03
1.875684558213055065e-03
2.148278627109806243e-04
3.234012470723826973e-04
5.149096434486733876e-06
-1.108809261431544993e-04
-3.238861075058530243e-04
-2.112264405810650798e-04
-4.630518152325094512e-04
-1.092741579095958109e-04
2.340233352246465497e-04
-9.244268981791171295e-04
-1.028592378771090061e-03
-2.647409492004968649e-04
-3.549405540361727203e-04
6.589557230167071285e-05
4.052307087928083625e-05
-2.647580896940957397e-05
2.736176785135630428e-05
3.085956732880810994e-04
-6.633870051399179879e-05
8.615687580376090034e-05
-1.334946451352499695e-04
-3.426348575603358122e-04
-1.233782507142895495e-04
1.832314510366673057e-04
-1.366242443969688475e-04
-3.407928174443643405e-04
-1.439043930229054631e-04
-3.450264190554878299e-06
4.112178331860390917e-02
1.266550499780235428e-01
8.976236811283326567e-02
1.391569218843258585e-02
2.061567672421952147e-03
-1.535944316620166741e-02
7.790759966145718515e-03
3.384581368103879197e-03
-2.199272787445056068e-02
1.048786154619432004e-02
7.083553596688832487e-04
-4.700445092757332341e-03
1.430296507087220909e-03
-1.176510864606565782e-03
-4.121327282299023717e-03
-1.157171466459600354e-03
6.418457728847587343e-04
-4.028519949086168533e-03
-1.038236050121907166e-03
-3.198148542305218577e-03
-1.496356298663653606e-03
5.117038811241516856e-04
-3.185029498747329272e-03
-3.176344707561412780e-04
6.378281788726232080e-04
-1.227052712876959193e-04
1.379494294557340802e-04
6.188784340062403763e-06
7.203898067964720686e-04
-3.705385531938399746e-04
2.749583029091630225e-05
-6.496293174934447126e-04
-2.728667757879343669e-05
-1.096725824502862469e-03
-2.290074029043537177e-04
-1.677301860337427133e-04
1.134086694659422728e-04
9.500325030995924091e-05
-1.980056430621648911e-04
1.280981004509379245e-04
3.841583887349527601e-04
-1.477551001117843790e-04
-1.955411461367204313e-04
-3.586272220201322395e-04
-4.278331079642519675e-05
-1.644386519552763456e-04
-8.723416497754782979e-05
6.977467339547876904e-05
8.989266221778391755e-06
2.065770071306517253e-04
-2.852529594771443817e-04
4.119938595354045996e-02
1.260728702096000076e-01
9.397048187249631979e-02
1.914150437156944551e-02
-1.452412250647394827e-02
-5.372505884154553900e-03
6.836258536035032772e-03
-2.227894933717378817e-02
-8.136084149382730168e-03
1.046978788048157950e-02
-6.517145264278427497e-03
-2.415417544407540314e-03
2.255618899109189477e-03
2.889408334655765766e-03
-1.312830699139542990e-03
-1.535337597014353652e-03
-3.590955521655659916e-03
3.239636605249960558e-03
2.311901176876164209e-03
-1.315702356661522339e-03
-1.310111013811298330e-03
-3.262470588708931817e-03
3.259190519799582634e-03
3.444867885176610724e-04
1.319478093754931566e-04
-2.994863788053445260e-04
4.305740862436082035e-04
-7.980448864775832119e-05
-7.485617924946673472e-04
7.048913671560666418e-04
-1.011379147293768329e-05
-6.302785855210680035e-04
1.428305793586975587e-04
9.004479688172060048e-04
-4.511463363671338873e-04
-1.533235809386896732e-04
-5.007729284019346848e-05
4.424227630883925374e-05
-3.704896778502966143e-05
7.007858110461328345e-05
-4.966582757105258896e-04
-8.497212520579390603e-05
-1.032059470799918764e-04
2.698102238293557595e-04
9.564539763526775721e-06
-1.480541124124440984e-05
9.088821186262641561e-05
-2.519831257547596359e-04
-1.701118636624985854e-04
3.599874452817787150e-04
-5.527976156391525988e-05
4.058772989890865879e-02
1.243887786378806010e-01
9.368944239666451845e-02
1.675466734536218069e-02
1.126619404071677044e-02
1.809302726695797984e-03
1.203977744229894550e-02
1.721091219533670696e-02
3.135115973004055749e-03
1.906122927649409396e-02
4.189927052791312528e-03
1.357798145640553775e-03
5.043256068596711945e-03
7.421244498551372295e-04
8.323252980954250506e-04
1.782189405249606871e-03
5.026550418358270191e-03
2.328299309399468105e-03
1.091541936828116727e-03
8.362862586834817489e-04
1.800157495344753642e-03
4.716744814119595668e-03
1.845050555117694205e-03
1.767956549890666365e-04
2.291592785804275176e-04
1.238256858492752010e-04
-4.460129879572851796e-04
-1.790483894674713594e-04
1.376979803951642418e-04
4.173289951457330839e-04
8.565687940567101306e-05
-1.557205795682413873e-04
1.100386970192821770e-03
1.135166309205676424e-03
3.036496085352882604e-04
3.362091250278322367e-04
-1.390522675221930607e-04
-1.177397419707503584e-05
-7.691737627084504025e-06
1.376828786383688431e-05
-3.570451150234201583e-04
1.304177768905832253e-05
8.861883778455319552e-05
-1.154305909873186100e-04
-3.277322640917476691e-04
-1.022374317537123352e-04
1.002766055455414716e-04
-1.551972245579206100e-04
-3.323503672893343914e-04
-1.973135322882764030e-04
-1.644637099873683971e-05
4.058755744361731976e-02
1.243771748134171462e-01
9.375287263761793166e-02
1.767653726793140534e-02
-3.044825916497985278e-03
1.449081430018117622e-02
-7.418303521581630540e-03
-4.825770531273363903e-03
2.280348904946349203e-02
-1.115554496294632325e-02
-1.096685360866080745e-03
6.433108171540134410e-03
-1.995474582446028159e-03
-1.661966868386963213e-03
-3.991193809525071627e-03
-1.164238348462504676e-03
8.221337366886636959e-04
-3.696623855416083897e-03
-1.445526374131814217e-03
-3.579222802220801899e-03
-1.557814095525252886e-03
8.287604940434369115e-04
-3.637796592049973715e-03
8.125879565243014472e-05
5.514219810210067982e-04
-3.022049775007784361e-04
-2.778391675095116266e-04
1.021752990663395269e-04
-6.976018473704803744e-04
5.628945259604904196e-04
-5.053326841114109047e-05
7.036945165870869519e-04
5.713949294130617825e-05
1.126057906617985082e-03
4.481882185163686542e-04
5.563042073911553882e-05
-2.610586901302452078e-04
-6.765095415397341953e-05
1.961579015204458864e-04
-1.817195491036661275e-04
-3.213150627232534261e-04
-2.950302547778814154e-05
-2.503623846731738069e-04
-3.129907086053967686e-04
-7.026884946878510718e-05
-1.721699224304349166e-04
-1.105010581263003543e-04
1.142064885616179574e-04
3.423180991579895564e-05
2.600822161592160364e-04
-2.133623110590784325e-04
