1.401326074941315336e-01
3.442386893402807901e-01
1.151540602531011759e+00
1.817500257941439212e+00
2.183773159734700098e+00
6.281109818685377544e-01
-2.008068672337857685e-01
3.850649251160284114e-01
4.020764553960501364e-01
2.510887099133480085e-02
4.244874907894065417e-04
9.629830796414977617e-04
-5.316244845571405780e-04
1.897816900997774305e-03
4.126851948680945389e-03
-2.792202116917200452e-03
3.237302056056475062e-03
7.211427097971057770e-03
-3.706555237421536690e-03
-3.374934266626575859e-04
-7.391843249232254130e-04
-3.310102304637370981e-03
-6.489040691426979646e-03
-1.457857742947311387e-02
1.736019173162995158e-02
-3.700998993783010359e-03
-1.834026882377884013e-02
1.521263548417215589e-02
-7.769575293938908722e-03
-9.223436492978227472e-03
-8.988159616503633639e-03
-2.298679505178623413e-03
2.842268598966820811e-03
7.761280319095952528e-04
1.596327738194334468e-03
1.824519458221684045e-03
-8.224058818859465714e-03
8.362604339427022124e-03
2.325991390536599930e-03
4.021815080219630183e-03
6.066338897666352821e-03
-1.735705809968639962e-02
1.138682506135531639e-02
4.023664998232878882e-03
6.500562711615883067e-03
1.236990439557183151e-02
-6.507408290938778827e-04
1.813042237073216045e-02
1.609001487198421024e-03
1.437527420307680402e-02
4.697659686316537535e-04
3.502564564857460830e-03
3.467481094027668586e-03
2.059458620929198371e-03
4.255985982466055882e-03
-2.415206983484086307e-03
-2.762368857130360466e-03
-2.552797510125249733e-02
-3.187988265172713321e-03
-2.614430990988874780e-03
-5.487979773400154283e-03
1.609811806580147692e-02
-5.267707855744241038e-03
-4.812706716449707649e-03
-3.811293138617474069e-02
-8.150756582852330956e-03
-6.559347996458719235e-04
-9.273541591627097735e-03
2.266229748875681071e-02
-5.201434227778848306e-03
-1.190705178054007321e-03
-7.416187744969819640e-03
-1.445051399056227447e-03
1.479768259320150218e-03
-1.708442240926789923e-03
5.031544096906743688e-03
4.301311194106931853e-04
-5.502377264725970447e-03
5.735729306651517721e-04
-1.515629693360555927e-04
3.599010028368488257e-03
-6.100711571804810947e-03
4.571120989507790723e-04
7.431036756362469856e-04
-5.925114284601205655e-04
-2.639905484806632889e-03
-3.867468142280673128e-03
1.055525470086409335e-03
1.308654939723321968e-03
3.203384357217724677e-03
-6.490280302006096527e-03
5.772551449268481256e-04
-1.787236439375783522e-04
-4.841857471783948797e-04
-2.310248003217514352e-03
-4.909072378078517063e-04
1.742698557015736694e-03
-2.268426862795212969e-04
6.397941480482901330e-05
-1.239907002778464327e-05
-2.013008037472580264e-04
1.046262600647258960e-04
-3.334146547797255328e-04
1.323783727534694633e-03
7.475198720158378850e-04
7.306404724597442444e-04
1.400259645360829863e-01
3.444649455304337748e-01
1.151033157093441783e+00
1.817887736112622665e+00
2.182448253827891538e+00
6.281484331865414550e-01
-2.030470440718146197e-01
3.859750415513047428e-01
4.207047618416326906e-01
1.913077559658474952e-02
1.806074948204997065e-04
2.642090069055635817e-04
2.219673611451293430e-04
1.017356044510316733e-03
1.403226310165180037e-03
1.357583585534445029e-03
1.299004273239767922e-03
1.865766078412556001e-03
1.535302765237059157e-03
1.032066840531959458e-03
1.223512077024292710e-03
2.045028331832620359e-03
-7.549201565390762161e-03
-9.868295656858597914e-03
-9.830417537834193129e-03
-2.801414136173015147e-04
-3.779657952758869698e-03
-6.689127648563828084e-03
2.298764962921719807e-03
-7.057795753197474830e-04
-2.761215847605305411e-03
-4.625853956275531283e-04
-7.231626331502159170e-04
-2.364018944676605453e-04
-5.348605884087480073e-04
2.342972207702479317e-04
-2.130821812249605006e-03
-3.748724126427236021e-03
-1.140571357393823900e-03
-2.275522535344631780e-03
1.008985993076241035e-03
-5.381527182832706105e-03
-9.214437507311649955e-03
-2.890269217575158842e-03
-5.939574326473887403e-03
1.645311333770052824e-03
6.965054361484589694e-04
-2.365653807300670004e-03
-4.013110079863404372e-04
-2.013304119154556929e-03
-2.738547504730190398e-03
9.291842150738200811e-04
3.128698475283100137e-05
-4.057261134018919058e-04
2.430185624255077606e-04
5.168021417719787219e-04
7.641820151197726771e-03
2.223680272430849855e-02
1.503610798375729952e-03
9.481921004985801519e-05
9.756112804041200751e-03
-1.829004528959926948e-02
4.737305794634441396e-03
9.646840663396752738e-03
3.281893973302166950e-02
3.259967251760460469e-03
-1.738653004001533857e-03
1.382066849442204273e-02
-2.513837894090918332e-02
3.673711706911998200e-03
9.188938338806451438e-04
6.867252143063471564e-03
1.066953054158376393e-03
-4.603597007471509810e-04
2.105487527960484863e-03
-3.095425779390748727e-03
5.833197674375356157e-04
-5.055622848239519490e-03
1.027762625162342890e-03
1.300404077394347671e-03
3.147440794499408584e-03
-5.633175242698832200e-03
-1.921810389849674602e-03
6.687965787010145564e-04
-2.364198454826332060e-03
-1.388123383229224184e-03
-3.029352405357261125e-03
1.225456047972191091e-03
2.040996591047525809e-03
1.226149456038513105e-03
-4.634065710716762931e-03
-9.370986210731652600e-04
-3.613318012314362874e-04
-3.460921781061295985e-03
-1.864073038637637523e-03
-5.341247812835254755e-04
-6.840901259588271811e-04
3.324998711932261098e-04
6.072243845660664496e-04
-7.732158487617694746e-04
-4.895563671851097236e-04
-5.280145757972988822e-04
-4.251685719469455531e-04
-1.006991189297637510e-03
-4.452548389339618128e-04
1.561404683251293069e-04
1.404961835289481320e-01
3.438241366642357244e-01
1.153675238972171391e+00
1.818309033284650322e+00
2.190409835776912395e+00
6.260645863293959890e-01
-2.104209051083631710e-01
4.131421554102236993e-01
3.010773846072691273e-01
-4.923094039525143613e-04
1.129517294746160713e-04
-5.587951926543933392e-05
6.588370201503448878e-05
-2.561856856496349291e-05
4.951453721597174349e-04
6.578876257381536055e-05
4.379946815533713924e-04
-2.574434215362280984e-05
3.586901705021043477e-04
-4.909748760158308715e-04
6.145648990028308983e-04
-3.392643475955923202e-04
-2.964998708190384421e-04
-2.772486010092547245e-03
-2.064242824328781382e-04
1.170627464904438119e-03
5.469577957127368453e-03
-2.763466751264225321e-03
-2.678699179453030224e-03
-2.683579473412006818e-03
9.163972694422881440e-04
2.386341695835952816e-03
-2.733101959619688983e-04
1.475066677096712169e-03
5.891179170288180118e-04
-1.321781643709871168e-03
6.860791611501673715e-03
-5.681637816687187944e-04
4.145587748120392949e-03
1.926494107433440565e-03
-3.671689768838146042e-03
3.121977751246111238e-02
-4.142716545110545524e-03
2.075541980336226625e-02
7.383214950927846805e-03
-1.823035096792203005e-02
2.267626115388957780e-02
-3.483940532199570912e-03
9.895762527626082369e-03
5.836336233491875268e-03
-1.155889866354583607e-02
6.716109369088137711e-04
1.864965172365551415e-03
-1.177678865312239325e-04
1.919069180842764184e-03
3.594139866173389435e-05
-3.024853317161730129e-03
-1.779163905018969413e-02
2.779638626335874407e-04
2.663373427957620165e-02
4.675935184821430717e-03
1.100021335833034457e-02
-2.323262210266434916e-05
-4.448347009582550964e-03
-2.650409051340650579e-02
1.172754605493668686e-03
4.010169940722414089e-02
8.322870015690363513e-03
1.632779085835654037e-02
-8.992682185696519032e-04
-1.838110992001953025e-03
-9.112830689106093951e-03
-2.238551758016361568e-03
1.305510654933299784e-02
4.554217514389132253e-04
4.659600380177806624e-03
2.212971774379984770e-04
-1.896331346050905394e-03
7.254474238466169242e-04
1.041368290672099652e-03
-3.772031475801576215e-04
1.282236259749066623e-03
8.744267725095565200e-04
-8.432169098571906055e-04
4.352546555477523568e-04
-1.074806715852031063e-03
-9.268781137011827039e-04
4.726271143972440240e-05
-4.395841561122246265e-04
-1.719840093549452839e-04
-1.001136884009942414e-03
-3.003343222269132034e-04
-7.203838763490943162e-05
1.081334382981778653e-03
-2.973206616829454749e-04
2.229355634027558512e-04
2.088847468775100781e-03
-5.447494205299853714e-05
1.508669601714642547e-03
-1.678959681207331750e-04
5.711411391339798896e-04
1.037731718516730342e-03
-6.657491440563922339e-04
-4.322200123307734791e-04
1.118000972797934724e-03
3.295981200182355412e-04
2.774489355292929504e-01
5.370608818437537790e-01
1.736593558304674989e+00
2.914678084716259221e+00
2.265011316415075360e+00
1.818193822638532464e-01
-7.634549718308274169e-02
5.749399646360306981e-01
5.444326698581825053e-01
9.379811397886941848e-02
3.445306166798417502e-04
8.237710270013169243e-04
5.744397996017943297e-04
-1.966327812428076934e-04
1.810930794377060100e-03
6.947299052059253488e-04
1.308167694924651297e-03
3.347421561016400166e-03
2.174666612303835685e-03
-2.984254227870800774e-03
-6.036133278902107088e-03
-1.002784412671225370e-03
2.146413665173026696e-03
-1.061454092407113298e-03
-1.055614396990020055e-02
-1.167366659452980697e-03
-2.621099678419941750e-03
9.374506456602777621e-03
1.022894884484392385e-02
9.094704343546904796e-03
6.841164010253096388e-03
-5.769087620323847844e-03
5.478294712079630592e-04
-3.630683687298291197e-03
-1.899249392827674241e-03
3.736931626748009588e-03
-2.264812872737138189e-02
1.645097869764715424e-03
-1.273573321716723987e-02
-7.185233166681633844e-03
1.429552584036638055e-02
-1.319539527944573951e-02
3.795303233232026879e-03
-3.145441787878191630e-03
-1.284338069438466798e-03
9.447305400790671076e-03
2.224791329371664239e-02
-7.600689640350129792e-04
-4.025179162123609065e-03
2.785919408055359016e-03
-1.266478652568042360e-02
-4.070755291938834446e-04
4.211974240231821688e-03
-1.690719292595783138e-03
1.920985302275230724e-03
5.314801864761838600e-04
1.412636381282801655e-03
8.419593729099934462e-03
2.552598185331418287e-03
-1.537725152713924869e-02
-2.731463970970357882e-03
-5.238665447400180260e-03
1.019616937526551283e-03
4.683169168718632862e-03
2.575288975178808767e-02
2.890004692318086810e-03
-3.759547505695751829e-02
-6.067269660465612023e-03
-1.694541580088762892e-02
5.216816562098299317e-03
3.339994021531247047e-03
1.050634500913330376e-02
3.849968621307447384e-03
-1.189843563812483136e-02
1.600434279988474217e-04
-6.039864206270269785e-03
1.464036900142496071e-03
-1.659063935823481325e-03
4.726453551191559768e-04
9.338183609512848080e-04
-1.938029589028054164e-03
4.114093174309717575e-04
1.295097519833687046e-04
-1.150491758529453455e-03
6.923537299774877346e-05
-8.368259262235411408e-04
-3.459675554941663532e-03
1.550628194545320684e-03
1.775320559372750096e-03
4.309558182226081672e-04
-7.415873617447150609e-04
8.821056125917290779e-04
-1.353895074098690433e-03
1.526865794133938376e-03
-1.708149361376856776e-03
6.114034332788170680e-04
-1.896921656067613845e-03
-1.495871895678208756e-04
-1.951750756836873263e-03
-2.309344950300424248e-04
8.988260766925269254e-04
-6.604223134970729466e-04
9.693404914228730563e-04
-7.222415927696011577e-05
-8.267286853883482793e-04
-9.664721951408382881e-04
2.771803736220792014e-01
5.374444223950992638e-01
1.735290741496505307e+00
2.914950539335369406e+00
2.262255598205634488e+00
1.859389515598566245e-01
-8.607217139589198873e-02
6.010073677974449025e-01
5.248722636239735451e-01
1.017423228079640113e-01
1.663841982827432228e-04
-8.462450775977627351e-06
-1.133346609491452887e-03
2.450153784735162104e-04
2.530708534235632514e-04
-1.131401010531738003e-03
7.667881118264711698e-04
1.520378836801145376e-05
-4.352808308869198124e-03
-7.895795597963535832e-04
1.669687221605523910e-04
5.751600451092234688e-03
-1.875991826224227018e-05
-9.419060475853838254e-04
8.449975698774076990e-03
-2.809381470776214137e-03
-9.728352540514987159e-04
-9.791049470019238393e-03
-2.226533141830881399e-03
1.285427362189322571e-05
-1.162833100896523697e-02
-5.949123836145257804e-03
6.797384480097376416e-04
-4.089499988761601153e-03
-1.532751321330269633e-03
2.735250207160073652e-03
-2.116876685636320810e-02
2.448437949776629229e-03
-1.695154131925678820e-02
-5.860380206748622665e-03
9.694638255042254890e-03
-6.429992574324174849e-03
1.292903032455420707e-04
-7.684463238586845477e-03
-2.704122470312995356e-03
2.482792071954105593e-03
3.859587397152185965e-03
-4.547876509535505977e-03
1.853755188902615411e-02
3.201182607547198213e-03
-1.783596520224174425e-03
-2.684332887880899656e-03
-2.625925214406501758e-04
1.711157556517664026e-03
2.538639394383279549e-06
1.902520871879934995e-03
2.604112533331024749e-03
1.356600684283228511e-02
-1.170817774529177985e-03
-1.555546356637566713e-02
-2.498659532075352390e-03
-7.091764605584896866e-03
-5.309613937846509790e-04
5.044051475040916242e-03
2.507993140155704778e-02
-2.877915629758955041e-03
-3.246655499267407652e-02
-6.422536315266108749e-03
-1.327986817540943720e-02
-1.048373816881855792e-03
1.456654314345327264e-03
7.682498510650039893e-03
-6.757193151638927857e-04
-1.244682618489574913e-02
-3.160380966542198668e-03
-3.875042279871147941e-03
-3.986358764967860607e-04
-1.537210473014392420e-03
5.878684648854533377e-04
-8.061446612379017122e-05
-2.827006387927404789e-04
1.845180593706970172e-03
4.762367465158160135e-04
3.966520079080263216e-05
1.866239687529138715e-04
-1.201775683556596287e-03
-1.416773182950960231e-03
3.309431600507422916e-04
-3.936870744425622357e-04
2.011101581894725928e-04
3.559990312307145712e-03
1.569786010133597618e-03
4.977551545475842644e-04
4.728487645531979293e-04
-1.116559256578070246e-03
-1.333064365091486789e-04
-3.723368791071614910e-04
7.187754499158462802e-04
1.611602247644729766e-03
-5.682754252530445595e-05
-2.087586176598072319e-03
-4.966480458464949278e-04
-9.906538364454090060e-04
8.958474237211719088e-05
-3.750087171867999905e-04
-1.080600088202230812e-04
2.772701092282782165e-01
5.371369220171324788e-01
1.735571124223652673e+00
2.914189278530757932e+00
2.262685961953149416e+00
1.853877974540462381e-01
-8.501980126909566837e-02
6.015795037497497777e-01
5.197783996095775016e-01
1.036277227494378089e-01
-1.858284517738719712e-04
-9.003881651465615865e-04
5.472354026232181595e-04
-3.233137991303448232e-05
-8.134434194494326092e-04
4.594494657507150795e-04
-6.384330985151332166e-04
-3.439326275596506048e-03
2.081484919356221125e-03
1.102451985961967404e-03
4.718104000624948752e-03
-2.803284789960379299e-03
1.417037089070396572e-03
5.608334464140509422e-03
-3.980813385584944762e-03
-1.430695721974491316e-03
-4.068102318066923150e-03
3.740383891458900958e-03
-5.534610516548717565e-03
-1.379599836659104080e-02
5.508407799775650107e-03
-6.540362944251999593e-03
1.309275625175392727e-03
-3.801253881235932414e-03
-1.636864297103352147e-03
3.280825523412543143e-03
-2.379871862773506180e-02
6.337091448875510104e-03
-1.313651592099057859e-02
-4.884652388983483189e-03
1.245927892026611403e-02
-1.020854943967095148e-02
3.336387397114858912e-03
-3.696611907375326606e-03
-1.358922327457837793e-03
5.211370726716913100e-03
1.127424634104330810e-02
-8.538384401311783709e-03
-1.847619201623392887e-07
-3.153521335958543812e-03
-6.764609463829532494e-03
-1.047035416064777446e-03
-1.678043825412216597e-03
-4.024992331545022145e-03
-2.218494311603003491e-03
-2.801683901559261941e-04
2.492767176256127648e-03
1.130259015650624324e-02
1.312361776991413003e-03
-1.772206022737940478e-02
-2.847653494139726002e-03
-5.559199758788555337e-03
-1.995172914750497923e-03
5.090770162672465446e-03
2.293066738458739845e-02
2.002001149639949084e-03
-3.412536490815557683e-02
-5.038633295967997333e-03
-1.170092901499598416e-02
-1.849838952318219858e-03
1.967779103359722920e-03
7.844270278690911036e-03
-1.326922273903696997e-04
-1.084980293769835340e-02
-1.698876099247902853e-03
-4.258004724635212207e-03
1.122182441135738395e-03
-1.104095567522762325e-03
9.764046039962966063e-04
1.672450930899735356e-03
9.581674554696191634e-04
1.021200680854804008e-04
1.043471336427028839e-03
-5.705271910823752181e-04
4.292605796622074414e-04
-8.377774037969682461e-04
-1.568445666607213998e-03
1.311848611796756058e-03
2.037623566382735108e-03
1.486466577958504495e-03
-4.705001382175838607e-04
1.073614287167744524e-03
-7.964013624790609478e-04
1.160074946896911012e-03
-8.371537833686008758e-04
-5.305418580225333821e-04
-7.638301598704120036e-04
-1.275804931999246887e-04
-8.925635764939170288e-04
1.783572944484251637e-03
3.020636761969870600e-04
6.946146819098931091e-04
9.511484043799478972e-04
8.275705721696889269e-04
-4.092740329240125816e-04
-5.030822886840512891e-06
4.136403911672664052e-02
1.277478406931884525e-01
9.238530128015477738e-02
1.814635291871783199e-02
1.361009169608587942e-02
-4.597378629384263511e-03
-1.077628044978095299e-02
1.825761846646287503e-02
-8.195713394329414911e-03
-1.749574069873823662e-02
7.153354086856184360e-03
-2.615501553019960231e-03
-3.121502101818039634e-03
-1.999223218126494356e-03
2.008871211679046868e-03
3.497201078970434379e-04
-5.106940208751096187e-03
2.342581348268008446e-03
-2.721601000880368403e-03
2.106239136095635397e-03
1.452534880109945543e-03
-3.770781632751300533e-03
2.108937646921508948e-03
-3.167971280740893209e-04
8.767168400567107575e-04
-2.025720269721070137e-04
9.294325119054035926e-04
3.351551092344070139e-04
-4.745847991882271607e-04
9.164047949097038192e-04
-1.608795997908584754e-04
6.506092766331080402e-04
7.876469501464511283e-04
-9.161038885240260906e-04
3.203691068895723158e-04
-5.918881277272616511e-04
-1.197918967100349257e-04
-4.315437438034766537e-04
-8.133198006411621571e-04
-2.419491154632194541e-04
4.375077262916476570e-04
-8.563796133503645785e-05
-2.435849442048558262e-04
-3.579145821266989792e-04
3.877585260116574997e-04
2.277492084007884789e-04
2.790215050561515881e-04
-1.816555158188521443e-04
-3.243328965626391096e-04
1.297795678300794030e-04
-2.108208277626955908e-04
4.098971994516632800e-02
1.284281495852242494e-01
8.648140295438015712e-02
1.231416578716295132e-02
-1.236360184818762788e-02
9.633677210495275936e-03
-9.557660792026049720e-03
-1.741416740084153481e-02
1.231055048674927106e-02
-1.432826040805313013e-02
-1.999171474683876949e-03
2.872721915933003876e-03
2.711087791077222329e-04
-3.608219623383360306e-03
-3.082788455977142263e-03
-5.982309691291171766e-04
4.370356267748690994e-03
1.249921125297882504e-03
-3.072574670273498388e-03
-1.724640135468657283e-03
6.445775095522297479e-04
2.680482079508381740e-03
8.685539063766021259e-04
4.871804714765987912e-04
1.553093773331639792e-03
-1.649614985852363650e-04
-9.735282307417784204e-04
-2.966412431177652600e-05
6.783646540211583963e-04
1.265732362614319312e-03
2.727471713285882482e-04
6.744591091548740244e-04
-2.653609572348626850e-04
-4.218363373223786117e-04
2.860362274875470124e-04
2.679315255496742616e-04
-7.427367848846364766e-04
-1.180109733264494303e-04
-6.996605618766909597e-04
-1.580040540219821734e-04
1.286987115288613362e-04
-1.521450347729421900e-04
-2.369391848457258053e-04
5.417507619587289902e-04
3.164265750708553787e-04
-1.430588938952205645e-04
1.636752414320817996e-04
3.875565419270458282e-04
-1.817871893323345727e-04
7.682278331374315099e-05
2.005899184074527695e-05
4.059104876393391376e-02
1.255138893521016152e-01
8.613382886841519648e-02
1.213251397852793678e-02
-1.169662487816902283e-02
4.270263433291622904e-03
1.232054086811002099e-02
-1.618821567165789829e-02
5.858298436878476602e-03
1.729941003973502894e-02
-2.756466952911134933e-03
3.037926446085006862e-03
2.699773820350117193e-03
-1.494224466439267145e-03
1.588880149676873740e-03
1.335232509043349572e-03
-4.990339834265404041e-03
2.417720107780877044e-03
-1.535053318934385394e-03
1.459486764306149693e-03
1.407308972467529373e-03
-3.699458128292204637e-03
7.395989048274259322e-04
3.168209947866463877e-04
-2.525674295631245283e-04
-7.324671940228268769e-04
7.389121857913766300e-04
6.979019194244988409e-05
3.222723374107153279e-04
-7.626130729576006658e-04
2.767826435855434133e-04
-1.882627423896756887e-04
-9.001838629591944838e-04
7.908381519275925562e-04
-2.539509119910723619e-04
7.530864801039922397e-05
5.175265816907608039e-04
-1.306666205118506546e-04
-4.359398821719354919e-05
2.017027608447433020e-04
-3.385398640544230145e-04
2.302460590483992311e-04
-1.101513974957683355e-05
-2.935246706522011764e-04
4.019828108419723966e-04
-2.896323295939280790e-05
2.134538823065885527e-04
7.139540199981726754e-05
-2.949953252574136577e-04
2.506656721145640501e-04
2.621334635188547588e-06
4.069528684364495663e-02
1.256300413318478804e-01
8.943282608390651367e-02
1.323188442825614167e-02
1.371954858232855498e-02
-8.184460534782845784e-03
7.496380670611284790e-03
1.952333142300880647e-02
-1.133963017013750983e-02
1.159862735812432037e-02
3.626012067404068510e-03
-4.436360304527296912e-03
2.812608629603019321e-03
-3.923324788988844479e-03
-2.065973988862054769e-03
-1.341013698946693549e-03
3.474456570723792777e-03
2.022524315464091851e-03
-2.801753029189685534e-03
-2.205733582518723014e-03
-9.815760493369558078e-04
3.067195440625876488e-03
1.319290327611312517e-03
-1.684854572576813280e-04
-3.864919078181809089e-04
3.263449099710559633e-05
-6.981566960199108839e-04
-1.157131252431068498e-03
-8.982534829794274010e-04
-9.513815302471204669e-04
2.378235385243950023e-05
-6.360158624434104988e-04
-2.790303522793225919e-05
5.547144490630949660e-04
-1.323945788559812178e-05
2.355353190457565706e-04
1.375363136018822072e-04
-1.344532501504932913e-04
-8.537700788367437801e-05
1.935742280103852853e-05
-5.774572641967981980e-04
-1.876032027746832201e-04
1.533088912028791027e-04
4.908763671664305136e-04
1.575091005710538169e-05
-5.504590703155209258e-05
5.290152783511567019e-05
2.354576435629555367e-04
-1.493179528373004823e-04
-5.279044236220322480e-05
1.081637275228399328e-04
3.785554096020497111e-02
1.226700825260815947e-01
6.667078452856527171e-02
7.408209648993051809e-03
2.964806194548927267e-03
-2.056507321903618297e-03
2.289451065062191731e-02
4.489826648239753255e-03
-1.101446555770176040e-03
2.636569422616521358e-02
1.663103397112999579e-03
1.804737398512865987e-03
8.759467071659214968e-03
-1.171954051788057276e-04
-1.628595848025033918e-03
8.400209347683004410e-03
1.885600754021396616e-03
-2.765373358489409483e-05
-1.271133450992924891e-03
4.017693958699813895e-04
6.614154114466694497e-03
1.996568662747924897e-03
1.068815141234203889e-03
1.666196713282025400e-04
2.740686292145135873e-04
1.560088174047665659e-03
2.839905199155464571e-04
7.678035485172845251e-05
-1.310769471304677705e-05
-2.273905697347280400e-04
-7.298792282514589757e-04
2.821883611664281147e-03
9.405578838585295113e-04
7.339399961812310600e-05
-6.908359900907495616e-05
-2.910517257855489725e-04
-9.395811290921347566e-04
4.989651025378912409e-04
1.577575459163757261e-03
5.224009651251073413e-04
8.548464776379041978e-04
1.677705092786528607e-04
9.658862638416063605e-05
-2.463140274192599237e-04
-4.936889715199367038e-04
1.015131338217090465e-04
7.047094247311519195e-04
2.612035744364396583e-04
3.820877344025906913e-04
1.587447262356561357e-04
9.446463666276011843e-05
3.735982803150258297e-02
1.210616404890654946e-01
6.208915476990973376e-02
4.355494848373069397e-03
8.999214207210807712e-03
1.770176930036863189e-02
-1.256501023008172076e-02
1.041982649196249687e-02
2.056379248323816564e-02
-1.521859428038235471e-02
1.887914936424868722e-03
3.008102931202516483e-03
-6.393190919943487691e-03
4.580972586071835155e-03
-6.434773098731911938e-03
-7.214480266380240026e-04
-3.258333548544158423e-03
-3.333462705158047983e-03
1.909322241319973742e-03
-5.499543600654160057e-03
4.976199945396723306e-04
-2.966515972296054730e-03
-1.762477863922400773e-03
4.649899790679009877e-04
-7.967551601836844700e-04
4.501485901112835556e-04
-4.479648556720867568e-04
-7.532268315706170411e-05
-2.783630905013205806e-04
-1.827596867504558764e-03
8.278288424841766767e-04
1.195625682478048974e-03
4.151261462302458308e-04
1.367838749665133699e-03
-1.326450385513275451e-03
-8.600417671387110090e-05
-9.858118428074122506e-04
9.908145904096014346e-04
1.042695416140927873e-03
6.857766517647804127e-04
6.901420146544195305e-04
3.637468899754295847e-04
1.581135317755811523e-04
3.032970192298106352e-05
3.188931906647342698e-04
1.450964654724242982e-04
-6.208368538438787830e-04
-8.642812798078499325e-05
-2.394052833815470311e-04
3.635013444675967145e-04
1.713657074396360703e-04
3.728679009174439701e-02
1.207060417199165292e-01
6.831981032196011994e-02
6.278727178622256315e-03
-1.217844561022465334e-02
-1.621534479550493582e-02
-1.079558402428305343e-02
-1.488119987680814639e-02
-1.996507734458805375e-02
-1.397314359106720770e-02
-5.422315109326364402e-03
-5.701143378251842704e-03
-6.645629492394842033e-03
5.870284766749063465e-03
5.125210822874170548e-03
-1.521628385886877053e-03
3.850314829775654951e-03
-1.801208857245383725e-03
3.691059835763814499e-03
5.029127793551500109e-03
-1.293156326634761506e-03
3.517622941256152644e-03
-5.788125893179614555e-04
1.197540968870981033e-03
1.210041032004449246e-03
5.184154808662510023e-06
1.132421234365863297e-03
-1.619628762740502612e-04
-5.978437634865722784e-04
-2.147600065251710662e-03
-3.662517862470052741e-04
1.463546720063737183e-03
-2.516320153145331219e-04
6.011133925602689214e-04
1.480552501001741609e-03
-2.790857443680341593e-04
-1.281675373854070229e-03
-1.129383388137390905e-04
1.374641593291680555e-03
1.608581449642097956e-04
4.540083155080403693e-04
-8.711321964376760149e-05
1.606933516507427599e-04
1.164185028758669066e-04
6.830097278617601410e-05
-4.786719479587372896e-04
-4.083662261324388508e-04
-5.131061414556137594e-04
-1.321709659919773842e-04
-3.860960479064019877e-04
3.127028575046251433e-05
3.741003444847431497e-02
1.211206947119662924e-01
6.710401776120081263e-02
6.691441446664113911e-03
2.496071605769474393e-03
-1.734603422403980426e-03
2.319107638952849423e-02
2.495809712403684096e-03
-2.839959083629801841e-03
2.775440215531503954e-02
-1.785911102427522625e-04
-1.773622269167964699e-03
9.239085314428812160e-03
-9.481780794625510286e-05
-1.155125069814447094e-03
8.929962740775855209e-03
1.715538008356520729e-03
4.468252249606247696e-06
-1.092761621691505387e-03
-1.614880441937567449e-03
6.662554856135309567e-03
4.119539408449544122e-04
4.599404241437706604e-04
-7.397381283178577069e-07
-2.258207926740865015e-04
1.578881432134487126e-03
9.223978797995060602e-06
-1.233449048762855110e-05
-3.131135462994374317e-05
-1.669357844664943406e-04
-8.410146450807873524e-04
3.024353704388576571e-03
6.453563056494416618e-04
9.874541291708647281e-06
-1.307449732058074395e-04
-1.067518083429746774e-04
-8.656948550616962211e-04
-2.757783774247009366e-04
1.337759099490236792e-03
-6.912263027765917203e-05
3.935213380513930600e-04
1.271537315147825797e-04
9.847287415978366423e-05
-1.109370576542588477e-04
-4.573734109933946042e-04
-1.323866796706066502e-04
5.939829542307787638e-04
1.151887461147201363e-05
2.196910413386737166e-04
-8.350027891635723796e-05
5.335313342208081996e-05
3.740514883727202172e-02
1.203230473409847012e-01
6.696587175623103239e-02
6.192659250014049058e-03
-1.211168532763513134e-02
-1.618539720271616050e-02
-1.096581586337495862e-02
-1.458875372460180335e-02
-1.974533060133641313e-02
-1.205155468450446778e-02
-5.540149225904215761e-03
-6.794115175992735019e-03
-1.681141339999968213e-03
5.775972485473896204e-03
5.292553580062230208e-03
-1.401080367352052717e-03
3.960131933532673454e-03
-1.740695438296102323e-03
4.245159267470816414e-03
3.560780939414544353e-03
-2.607843149637220029e-03
2.310069931302736416e-03
-1.059708727803345286e-03
1.087536849164007398e-03
5.387907021917314474e-04
-5.415861098827880237e-04
4.840180043447342754e-04
-3.079967777785647760e-05
-5.899491203071061682e-04
-2.094541072934727813e-03
1.009464007686250924e-04
1.422964124183602507e-03
3.938737978336304346e-05
6.736695789830435873e-04
1.699259964741521535e-03
-3.367005467733717489e-04
-8.245351343132579364e-04
1.903289423024856584e-04
1.191134774283138199e-03
4.908382260366056168e-04
3.385428636260918089e-04
1.901316700152619267e-04
9.940902375609983975e-05
8.336929597203379498e-05
-2.459824102346018672e-05
-4.532993027500907828e-04
-1.731156601654308376e-04
-4.589895639640484545e-04
-8.796386147765242268e-05
-4.877684683918773363e-04
-6.805744242406266574e-05
3.945901684898046186e-02
1.225282556900079145e-01
8.700486936991076725e-02
1.122474274527793942e-02
5.383452067645815541e-03
1.472705539805348185e-02
-7.170212415853728649e-03
7.384771159229740548e-03
2.183161796461452128e-02
-1.137795204235881805e-02
2.441872155078876703e-03
4.708258718458692600e-03
-2.706711306091292169e-03
2.736153470350719159e-03
-3.836479248315935366e-03
-1.391283046661128406e-03
-1.338340082696914133e-03
-3.353457707604618789e-03
2.010136287855312977e-03
-3.601483205942791407e-03
-8.672390207915465533e-04
-1.366267361963968349e-03
-2.741056185570564085e-03
-4.274439308005812581e-04
1.379823161021620319e-04
3.549556396354700840e-04
-5.586933713708170317e-05
4.392915669255239609e-04
-4.707107071880621768e-04
-8.512065796584586787e-04
-8.825270699363507124e-05
6.452601710732024098e-04
-1.477186323537682771e-04
9.313905259812833067e-04
-6.936413715597088310e-04
4.236558775001169708e-05
3.443292890207542045e-04
3.087395447639333310e-04
2.706903504995531807e-04
4.678029669702923757e-04
-1.803125461893410333e-04
2.170223407430171998e-04
3.038207542448648625e-04
-1.792425607782586030e-04
4.771035470839831664e-05
-1.594565054147688873e-04
-1.380036482629610659e-04
-2.077987077901031164e-04
5.811975803908440806e-05
-4.095543449073170785e-04
-5.238095136888916203e-05
1.402048592025862961e-01
3.440524392874544368e-01
1.151734553547897111e+00
1.816937531792695237e+00
2.183547814718365121e+00
6.272015563437919328e-01
-2.017490945715481321e-01
3.823080730042364705e-01
4.275785916238089568e-01
4.938909868946445014e-02
-3.061496469115247682e-05
4.921771359768679362e-05
-3.485389463389502123e-05
2.331440335073180572e-04
3.661923225238514234e-04
-5.344087352372248320e-04
-3.740465528397256614e-04
5.313774386759871149e-04
-9.241425655831566189e-05
2.295636909169104355e-03
-1.108376339600096472e-04
-2.488343445078309776e-03
-4.769785665706106903e-03
-8.657915986933208087e-04
8.228875117554438484e-03
-9.646624432138295110e-03
-1.084116858888448196e-03
-2.349203244070482803e-03
-1.544626167160514495e-03
-1.688631772959494053e-03
-1.001254038890381573e-02
-1.178986030307917530e-04
-2.271028762522022760e-04
8.000059799339933882e-05
-8.129132736182692782e-05
1.913404622144955134e-04
-1.068735507010829525e-04
-1.235429806042256939e-03
-5.146452058813917856e-04
1.083773016063338274e-03
-5.153362924805030606e-04
8.239871549889619690e-04
-2.340867993295766333e-03
-2.479742018960584896e-03
6.361710267275996929e-03
-7.416638258529606063e-04
-5.257499792903147983e-04
1.439087305741469387e-03
2.809247993902910887e-03
-6.103368831601307422e-03
6.661827316787647703e-03
-1.107604544317026445e-03
1.704935060443667520e-03
1.522993843154777380e-03
-3.823841816524582889e-03
3.508207310449440192e-03
-7.479114265898176989e-03
-1.482971276235665881e-03
-9.206842860872340231e-03
-3.477813255262835780e-03
1.257409255818558655e-02
-2.367689278090653188e-02
-1.225746603445948719e-02
-9.996713263945329955e-03
3.602107886433411382e-04
-1.287935965954505220e-02
-4.843010219032078088e-03
2.260863793310382425e-02
-3.381145455580514964e-02
-1.489533296572187644e-02
-1.892548541966414428e-03
1.715213491072398828e-03
-2.302196039667147448e-03
-9.535215041033345221e-04
6.142526554583268780e-03
-6.303419068052736399e-03
-2.359731503994712612e-03
3.177373303060484740e-04
8.524982330767725451e-04
-3.111403580047730332e-03
-2.568951164157738491e-03
-2.825905069797066214e-03
-5.291687239760755300e-03
-4.864912544588255667e-04
-1.912956234178692658e-03
5.063025334802056382e-03
-1.619034822383276376e-04
6.661252558215508424e-04
-2.870163834212931166e-03
-1.671364866555376336e-03
-1.972224173470129606e-03
-4.611949581341561431e-03
5.494716117589499736e-04
-1.938534783780573867e-03
3.063631876585406512e-03
-1.498711595329278994e-04
2.853585587602617884e-04
-5.317106203971556488e-04
5.009210746086382613e-04
-3.266905728099806319e-04
5.171524205981997127e-04
2.377937183010683971e-04
-1.110542672413057045e-03
8.652208169779929472e-04
-1.975938453085053796e-04
-9.412470219241080732e-05
1.400775487131922514e-01
3.442893267305436877e-01
1.151184753605902333e+00
1.817434385536589536e+00
2.182675037269152796e+00
6.281199482054086181e-01
-2.035753768187225643e-01
3.897503047828001499e-01
4.166303212492310504e-01
7.769264722576966695e-03
-2.019545084967435029e-04
7.852945624960133838e-05
1.557329641062391034e-04
-1.253363838385607209e-03
4.607929036762349324e-04
7.310570201125357864e-04
-1.418685743062010618e-03
6.374688281889390618e-04
8.101712599109902376e-04
-2.318661015500979913e-03
2.642014415786816473e-04
1.747684913187626428e-03
1.042602953218033264e-02
-2.763504952581172756e-03
-8.072017287616641348e-03
3.655333171912993583e-03
-1.631297477552318955e-03
-1.429556951446098786e-03
2.710875786608504638e-03
-1.933330140040892705e-04
-4.349533313844085314e-03
1.056597513066877606e-05
2.821345591108653458e-05
-2.637100153735525906e-04
4.187486665639170548e-04
1.910136330784861140e-04
5.132652047314610453e-05
-3.613291687141652743e-04
-2.125083788048444475e-03
3.115224963219128361e-03
4.093289276750078105e-04
1.739319206349677818e-03
-5.851863897353197725e-04
-4.792208678125601737e-03
8.158785155277211223e-03
-2.146805369956082156e-04
1.811054499570583832e-04
2.802024794175734905e-03
6.032896537453909551e-04
-2.262985992046077140e-03
2.859569589449113391e-03
-4.538119584808615018e-04
5.101061384157562582e-04
-2.845244438121704336e-05
-2.353716312469779815e-04
9.141843588226383375e-05
-2.034419838802736455e-03
-6.595545506117445229e-03
5.011793554148403010e-03
5.001552437911918787e-03
-1.146760366613523707e-02
2.515434796000133241e-02
1.245706802444372478e-02
-1.377555802533794336e-03
-9.212243591241519453e-03
7.183244170281897177e-03
6.848259666733759118e-03
-1.897831843529649773e-02
3.290365766309270162e-02
1.449992154500700722e-02
1.026419510615125255e-03
-7.294855784363745224e-04
1.801280664829623800e-03
6.555547029347779091e-04
-4.485539980010092367e-03
4.138521466478952728e-03
1.611000263902839704e-03
-2.399931974462688605e-03
1.474305891063530443e-03
-9.962072435596312694e-04
-1.599959586252859653e-04
-3.587621201213912325e-03
-5.623067950880853046e-03
-6.866749871740467906e-04
-2.019616924114283479e-03
4.267954634018500046e-03
-9.800870217312699240e-04
1.391718634996836051e-03
-1.406987660342635558e-03
8.765420131287274188e-05
-2.143058551960429822e-03
-4.037755221696119438e-03
9.722991434861605982e-04
-1.857452096860982014e-03
2.233300098894493851e-03
1.241032366655634767e-04
-2.617035673324184688e-04
6.589934953727032228e-04
-5.333398504323482109e-04
1.212663766665016737e-04
-6.685723974954939667e-04
-3.228127416096463723e-04
1.058656269592169385e-03
-7.099127266872019924e-04
3.052451792342830640e-04
2.820248864373768455e-05
4.096655273588114404e-02
1.259179410575577696e-01
8.940680371607090393e-02
1.595782562486991116e-02
-3.999110810241679470e-03
1.213741472443248016e-02
-1.206191514989029406e-02
-5.229743529787849246e-03
1.676067063526949161e-02
-1.749783571438720889e-02
-1.592476086253829604e-03
4.577720919756774615e-03
-4.863524035824842370e-03
-1.673024337654314183e-03
-5.010804509810905076e-03
1.300896234646512677e-03
1.674575630570929001e-03
-2.219318528932056646e-03
-7.228936463008315974e-04
-4.149599512085141995e-03
1.500580808523048915e-03
1.091317338207240277e-03
-1.790252218183948545e-03
3.583825020136029681e-04
-4.651485757222558924e-06
3.592863910267895633e-04
1.594303917391132379e-05
-9.760206802813219118e-05
-1.429977292106223731e-04
6.102559436062746914e-04
8.369870938424545060e-04
3.489832636263607343e-04
-3.647964751316178284e-04
9.162974658076327534e-04
4.009522065423664272e-04
-3.762572941471647547e-04
-2.066717682308094389e-04
3.980898175000484801e-05
-1.537607601968114161e-04
9.637808206167832576e-05
-2.647652829909450528e-04
-4.664364749392006836e-04
-1.740361038126382533e-04
-1.760046066504202238e-04
1.541447897477470910e-04
1.468898132239221312e-04
1.888578905105694572e-04
-9.126349637699514088e-05
4.402368505447090902e-04
2.744833741290346723e-04
1.882429680573352256e-04
4.136310633152101568e-02
1.270880115958572254e-01
8.963232556495705217e-02
1.802785731810429073e-02
-3.058674796923541422e-03
-1.540967466048912687e-02
-6.761875445521289656e-03
-3.684514552349805062e-03
-2.183460146535285556e-02
-9.863366529576861677e-03
-2.938880149847025031e-03
-4.454103422635225483e-03
-3.000965972780387896e-03
1.402327439897183437e-03
3.718487016345421899e-03
-1.705211554226740769e-03
5.621161596347087550e-04
-4.204958854826836012e-03
1.022357787271777280e-03
3.223626902315499063e-03
-9.040242321429935385e-04
8.289033441150195488e-04
-3.099994224370635799e-03
-3.336117769997111958e-04
2.106655715259545631e-04
7.382353345041020251e-05
9.149410414271565259e-05
-3.054851031462556493e-05
6.696151300602116562e-04
-3.751129752446058659e-04
2.892125861607077624e-04
6.598111668478742232e-04
-9.119706220905825906e-05
9.668043404581267873e-04
5.446798014654777049e-04
1.687590293553051755e-04
-6.287657138913670162e-05
-3.632883936615301538e-04
-5.549081032526068027e-05
1.066224149998647918e-04
-3.182766163095869017e-04
-5.011814560029085675e-04
3.045995551170582391e-04
4.668408830371450829e-04
3.167293537664107606e-05
3.279094503047683346e-04
7.480289640869117857e-05
-7.412182568631935607e-05
8.876331271798913508e-05
9.234174690030117188e-05
-6.973087185686168798e-05
4.189430908745570697e-02
1.317342452444579259e-01
8.226644874560239129e-02
2.521414854161532337e-03
1.684043491711165880e-02
2.242783612244436935e-03
5.888851327370172271e-03
2.207293507074753122e-02
2.892726940480701975e-03
6.538646729685219754e-03
-5.302695728509581284e-03
-6.198504686505697638e-04
-1.969181066277708551e-03
1.277007865027214497e-03
3.792232790590560122e-04
-2.379751711503746373e-03
3.429003523582602967e-03
5.121464158085986193e-03
3.469417683565822683e-04
6.957395257400384055e-05
-1.187839614996133225e-03
6.087778914447880118e-04
1.872443444173925832e-03
-8.488115442828755939e-04
-3.147802535811497493e-04
4.922542915285355990e-04
-1.929443858933677959e-03
-9.107468507257584318e-04
4.821970980910343370e-04
1.397249820710595985e-04
-1.102407570097379607e-05
-6.169153691008125205e-04
-4.267648383705572711e-04
8.435258161160278647e-04
8.493601905583899898e-04
-5.999015912230000426e-04
-2.214476243247144268e-04
-1.253731880558760952e-04
4.936603087606253977e-04
1.366505699436010096e-04
-1.011252573540456908e-03
-5.776225947123497535e-04
-2.605907939433115363e-04
-1.878692624671743101e-04
-7.008778355905654137e-05
-3.050472313154681448e-05
-2.041955672171333488e-04
2.748833209663195123e-04
2.065841995490737704e-04
-5.326020634958501462e-04
-3.694976377707255978e-04
4.163138385207903330e-02
1.289807976484473595e-01
8.954895318538964866e-02
1.372961026039986460e-02
-1.758025888999127997e-02
1.293261664835148065e-03
-5.599735530277534339e-03
-2.402510451459812998e-02
1.760401609997431886e-03
-7.520626512396496634e-03
-5.124151276697312164e-03
-1.009733610121349131e-03
-1.025413483364244629e-04
-7.535670274759796250e-04
-2.546958384311044784e-04
-2.247426445757751742e-03
3.268476641923106444e-03
4.907371529772382862e-03
-3.579416501425642088e-04
-1.003754387352646037e-04
-2.047753541204738389e-03
2.078670562558265940e-03
3.711967472098986250e-03
6.006475909162760319e-04
1.865213652530720760e-04
1.475699714874739179e-04
-8.095386991112487642e-04
-4.836425227233235040e-04
2.084362407819678991e-04
1.604803641211365983e-04
-7.866471511609030411e-05
5.465871634315272801e-04
5.213175075917932328e-04
-9.283556339840948884e-04
-9.569854263893709002e-04
-1.782245079547298662e-04
-1.345800459969981506e-04
1.508690299377346458e-04
7.343533456046508353e-05
-1.250270209261505091e-04
5.550686168286568696e-04
3.317129382449723950e-04
1.419131151891872848e-04
5.764240065691559814e-05
-6.142950829082682493e-05
-3.023529273104600830e-05
-2.103419938858046680e-04
1.589786110910300137e-04
1.143523679437581224e-04
-3.626996873057494958e-04
-4.424024053511587231e-04
4.035152115404588152e-02
1.240929458452710576e-01
9.314347480800810875e-02
1.491805865134912708e-02
4.506876592002185926e-03
1.387476308709331002e-02
8.248536167199192748e-03
6.884263795766730129e-03
2.145207417884089848e-02
1.333240214685244181e-02
1.403564747245448401e-03
5.640938598360042792e-03
2.680691152008970752e-03
2.360242892969704933e-03
4.258888874842283422e-03
-7.997741147954265861e-04
1.424007508716004355e-03
-3.142027936317833090e-03
1.933095807588259196e-03
3.797346679480223443e-03
-6.076262549009856266e-04
1.374205249487800515e-03
-2.871506583616045480e-03
-4.731194887472070070e-05
-4.822826208803039313e-04
-1.098621080524974638e-04
8.572532986169971236e-06
3.111225511839131206e-04
-4.826269289180732096e-04
6.676769404453340977e-04
1.303213464902126079e-04
-6.998579329585728282e-04
1.660126873498426472e-04
-1.022488288979837238e-03
-6.664251846652420857e-04
-3.816171445346950599e-05
1.219686637302368367e-04
-1.940916326930576966e-05
6.403795503302230725e-05
-1.079135907137802539e-04
4.670972992447010980e-04
9.898375825444635713e-05
1.534517025021655211e-04
3.792584084818593332e-04
-4.733095494070272151e-05
1.925374304522857168e-04
1.678684364234351504e-04
-3.108867135668833882e-05
2.542066532845878150e-04
2.411136839708328725e-04
3.354393862037204641e-05
4.077369184981097239e-02
1.244453393693360777e-01
9.637612780498615306e-02
1.805207250360716525e-02
5.986873457792933097e-04
-1.291821143947097759e-02
9.957139022045083041e-03
9.791832842228839501e-04
-2.105553026958491974e-02
1.607993512143453610e-02
5.450346372151152136e-04
-5.282625541541762816e-03
5.395754849105210624e-03
-3.878612193315997356e-04
-4.872153396555187720e-03
2.287992174875232870e-04
2.427486863809632297e-04
-3.242130623804817015e-03
-3.000321172297769822e-04
-4.860740003676309803e-03
3.968103391870328347e-04
5.650804181263282969e-04
-2.911559614001011688e-03
-3.995950472907292602e-04
1.105905821375502109e-04
-1.093666190431519506e-05
1.809382565982888219e-04
1.922134375124604758e-04
5.856163861521954637e-04
-5.169133710387391914e-05
-6.624793603108807384e-04
-5.728492363958269081e-04
1.698739977398320698e-04
-1.251279484924884208e-03
-9.859807932549514064e-05
1.145224872990267652e-05
-3.852974332038244234e-04
4.674246475444001833e-05
-5.578849001572935666e-05
-4.401426476275945525e-05
2.736860662304011361e-04
7.168458029600796914e-05
-1.094936389285613748e-04
-3.706191166510807594e-04
-1.172586497856491233e-04
5.369399522094625820e-06
1.814403756666801613e-04
-4.266003681700710647e-05
3.347574620237334336e-04
-6.271692742181942250e-05
-7.293511515714654655e-05
