1.402674020568400459e-01
3.441002472105307297e-01
1.152193788424298759e+00
1.817471827293392739e+00
2.184756683561039470e+00
6.261303213052684669e-01
-2.047781264296520132e-01
3.906934930146405693e-01
4.144329196916249347e-01
3.501253390149113021e-02
-2.720074797936925144e-04
5.932299442918983047e-05
-4.108992766626467960e-05
-1.712296208247791819e-04
9.433213088540073682e-04
2.259998621510929786e-04
-1.511500138408871426e-03
1.477564626427477169e-03
7.600480349327198414e-05
1.474972444016339930e-03
-1.403162484937988102e-03
4.117687370832352288e-06
8.493348545170430457e-04
2.501607844797932440e-03
5.539616427592373863e-04
2.669980322493019885e-03
-6.741164150359315287e-03
-1.884448032032465378e-03
4.092429997211776771e-04
-7.180153639154486164e-03
-1.587477042743457327e-03
-2.147618685363752793e-04
2.087819748143428049e-04
-2.279044839809685208e-04
-4.115698080109435705e-05
-4.817594563536581570e-04
-2.252945734236466453e-03
-3.724158430072695321e-04
-3.080668237348987743e-04
-4.821421077710250070e-05
1.045000465797382358e-03
-1.291439427893003493e-03
-9.874968244731707583e-04
1.239224664220149510e-03
9.585983642429643352e-05
2.309099212982052788e-03
6.958211145477569181e-04
1.744701309061920565e-03
-3.880916574406611998e-03
3.587949335021635162e-05
-6.842622810118130158e-03
-8.341798118908569501e-04
7.790580536451056177e-04
-8.591208040943062226e-04
-5.700020600228355603e-04
-3.775460803100647196e-03
1.140167776542289242e-02
3.229392917869385840e-04
1.375049775993736172e-02
-2.378088876215789585e-03
-1.374177743446909107e-02
1.867690389733446185e-02
1.122265573193012567e-02
1.873506531501400313e-02
-2.473550122148057584e-06
2.057798416948128373e-02
-6.386964088052329500e-04
-1.646354940159392571e-02
2.625023938608719506e-02
1.578064073269329001e-02
4.585958489126024627e-03
-7.868602855875891791e-04
4.180319618933768869e-03
1.244463232973824383e-03
-2.081986263680913121e-03
3.614588159477868153e-03
1.890160445614109735e-03
-1.393142603933121820e-03
6.208399333880815435e-04
-4.758068356296728946e-03
-4.053398075798952775e-03
-1.073613743511576913e-03
-2.914959259495615487e-03
5.663960892411279858e-04
-1.352154405926246335e-03
5.330381297150860696e-03
-8.843376748575048534e-04
9.920755616426266165e-05
-3.759137607862835222e-03
-3.300896434072002079e-03
-6.933321546293680750e-04
-1.792346238672590372e-03
9.480432230960472544e-04
-1.179994756579556782e-03
4.879061620102371870e-03
-1.163030420729994473e-03
3.474674295899425700e-04
-2.489237739024144987e-04
1.596125007112652856e-04
-2.821459592633041285e-04
-2.740980164560847220e-04
-4.592273620627883159e-06
-8.401131290327470231e-04
-3.381553834386576466e-04
-9.808668338250965853e-04
-1.244669619194580705e-03
1.413226220711737424e-01
3.423513808447729567e-01
1.157354266917199448e+00
1.815569731319232716e+00
2.196707774029359239e+00
6.206573362556414564e-01
-2.049993880643184718e-01
3.942866147804919841e-01
3.249453539771321453e-01
3.462160658147831610e-02
-5.788911221643727994e-04
2.689535365586259242e-04
-5.880727978394879743e-05
-1.619749945196894466e-03
-5.743539187015737809e-05
-3.961422061405761152e-04
-3.723024658699228100e-03
1.113419282346731756e-03
-5.114983764444301943e-04
-1.349122721546947316e-03
3.169808762209089768e-03
1.527005000192416403e-04
5.888290981367212337e-03
-5.289532151740909335e-03
2.810558428012110348e-04
2.491225244833962515e-02
4.134678023048619683e-04
5.530837470068565923e-03
1.461083582222332672e-02
-2.646200758701668099e-02
-1.304105551822942657e-03
-1.054688894723751925e-03
1.523179339331651042e-03
-3.705707350120149377e-03
1.579002852375687100e-03
-7.885811925670006524e-04
-2.815533321078084097e-03
3.794278367190630653e-03
-8.601343753247784468e-03
3.960181348613309345e-03
-1.878980547805535022e-03
-1.598917287045358362e-02
1.093403274877056790e-02
-3.938484992730366396e-02
1.945954399189458311e-02
5.919933130194050472e-03
-2.587279250014049015e-02
5.554084602420066019e-03
-3.395553908603085591e-02
1.416643137221410866e-02
6.896058897314032154e-03
-3.809813191519741907e-03
5.809828799598344522e-04
-4.167062835282612197e-03
1.395797968533235654e-03
1.666728399986661547e-03
-2.678374366568894369e-02
-4.604753112987890369e-03
5.939649631266891812e-04
-8.382716268839141612e-04
-3.223478774095806659e-03
-1.156489530105723855e-02
-1.346777312487174201e-02
-4.871161934115648962e-02
-7.228178028122058535e-03
-2.531311216070616867e-04
-3.100442122050906836e-03
-7.200584964513285537e-03
-2.031662071097837391e-02
-2.435781649509336649e-02
-2.138097966970082392e-02
-9.069549585811889983e-03
2.813871793759736666e-03
4.899235315696196663e-04
-3.455524767079035022e-03
-4.470345270825252550e-03
-4.301471188349570603e-03
-1.548803819960112901e-03
-1.475229694771971719e-03
1.625653585409655121e-03
-1.747471084154441886e-03
2.539266926880775349e-03
-2.720256397631494894e-03
1.511095283081158888e-04
2.712409074222152882e-04
-2.442188415929575263e-04
-2.065173286589301344e-03
-3.459289079820139588e-03
7.406353892500010597e-04
-1.069716106619248005e-03
1.991204631023873670e-03
-1.177256947239105952e-03
4.809331542478764731e-04
1.175596364316614092e-03
4.591915100368619031e-03
-1.446142705325896951e-03
-1.813557528203245178e-03
2.207724407501825137e-03
9.103080782692289609e-04
-3.569623328980684341e-04
4.778584403759925125e-04
1.116773666120409207e-03
1.866882112919772321e-03
3.848830993919225701e-04
-1.418139824878175432e-03
-3.016758693350753140e-03
3.312523339211316808e-01
6.846502543406026708e-01
2.239393649035605893e+00
3.787654232768765006e+00
2.647985147690236296e+00
-1.342814101684686873e-02
7.470811476725118527e-02
9.434617604801655011e-01
5.851580380050449559e-01
1.341818251443419596e-01
-6.806718693272479151e-03
4.109591465017177654e-03
-1.162708637235674745e-03
-1.499412719995741640e-02
8.458072479914516620e-03
-2.778034831611553030e-03
-2.298079120067978223e-02
1.381191570558923214e-02
-3.972337441448522098e-03
4.126151219311317841e-02
-2.603392064812809492e-02
6.661438715726073455e-03
2.815469208626840414e-02
-1.240231023135419594e-02
6.415741244687246138e-03
-1.536060384016980224e-03
1.686688643790632718e-04
6.737915336031613858e-05
-5.992646532166639659e-03
3.738899905811364673e-03
-2.545989547022266264e-03
9.011959500804751777e-03
6.150316638557281994e-03
-6.112372210441536190e-03
2.987495467712578470e-03
-5.506420843913500431e-03
2.794142741830106177e-02
1.755503371683794084e-02
-1.517519540810162437e-02
7.698416669015049549e-03
-1.717027344004976031e-02
1.081265725871879274e-02
1.425745703085097224e-02
-2.316477783628028211e-02
9.765085395324082235e-03
-9.668225347033735859e-03
-5.677467412461562578e-03
3.677703311623592864e-03
-1.369483453148701881e-02
5.972505218051996079e-03
1.889808264482217143e-03
-4.607183872096038606e-05
2.159591902619629848e-03
-4.757647052575660236e-03
2.751344730531117555e-03
-7.092198816780067271e-04
5.135438444771870357e-03
1.013882396016251497e-03
-1.587047381739981923e-03
1.091335127846302690e-03
2.745371551250487454e-03
1.299636007040903948e-04
1.559496194749820496e-03
1.307394408245532783e-02
3.124996392851231257e-03
-2.289559555053669298e-03
1.937440556703568569e-03
4.708817077515567440e-03
1.438624006977441520e-03
2.393237281327741800e-03
7.497689826690011675e-03
1.277916124756097197e-03
-1.953390120902361634e-03
1.420738158242592806e-03
3.475199306380865119e-03
1.928070528029352004e-04
2.350671163579215635e-03
-1.822459117387896944e-03
-2.535547186603626839e-04
5.486574033805261680e-04
5.511647715455188093e-04
1.472029864543165380e-04
-1.716328744649269693e-04
-6.133966487583436978e-04
-7.529033189408299888e-04
-1.778029856817121574e-03
-2.274418823333611631e-03
-5.142999730305869476e-04
1.532584945500175362e-03
5.348739052939830612e-04
8.062618747594020238e-04
-4.227434357646408440e-04
-7.602423202901594694e-04
-6.499359374975558542e-04
-2.770755761201715555e-03
2.563346331724369420e-04
-1.617722172256255578e-04
-2.383901142350048372e-04
-3.006762758970731649e-05
-2.684991941237644251e-05
-5.634421009589983266e-05
-6.432277523394125394e-06
-6.834701959381077395e-05
1.023721065041461887e-04
4.380770910551946211e-04
1.000977681435560656e-03
2.772612179385012809e-01
5.380745939966488089e-01
1.736160995332725054e+00
2.917899555431173297e+00
2.263430809413863987e+00
1.843223705643759758e-01
-9.273915860077405759e-02
6.269450668569693796e-01
4.784651760969242940e-01
7.691334830276444490e-02
7.944368954220077349e-04
1.626671164265804461e-04
-1.666427787565471987e-04
5.284316176905637331e-04
3.751698055703926314e-04
-1.297033231946756677e-03
2.934736818763883370e-03
5.894030237073003995e-04
-8.330764310476261722e-04
-3.778644857869521353e-03
-6.673717454681043918e-04
6.254115394446863822e-04
-8.411111581696597769e-03
-2.310047608613687627e-03
2.011783627068897736e-03
1.651513912560070504e-02
-4.581324557460818292e-03
1.368376623958951705e-03
2.116804411976181549e-02
1.720341915749755424e-02
7.832025822516559474e-03
9.370790232603674321e-04
-3.926328682670062603e-03
4.397932203987689817e-03
-2.361353113560264554e-03
-3.350693663347776847e-04
2.128734543172416515e-03
-1.387743970278587126e-02
1.635303194096908788e-02
-9.672139525679379971e-03
-2.703803140289068405e-03
1.490408534896037218e-04
-3.051337971872320788e-03
2.900091129949682132e-03
-2.485336128714350692e-03
-2.332873462178674737e-03
1.251685045546004939e-02
-2.931426738167668480e-03
-1.925004046014148129e-03
1.308658689449819501e-02
2.252599244984189800e-02
1.575683163827442529e-02
-3.255765482982727905e-03
6.331703157488847641e-03
2.933031768752323524e-03
2.709493995640150071e-03
1.526424030227895891e-02
-2.563823718025849078e-03
-3.766892560764426631e-03
1.970346974463550206e-03
2.919979997088245800e-03
9.764314010540439681e-03
1.259986330017059779e-02
2.348177869732024151e-02
-3.422959730563666578e-03
-5.353378228381258999e-03
2.324593613915821623e-03
2.440942219258288373e-03
1.690010815611344905e-02
2.331047241835416256e-02
1.211876989609338325e-02
3.436778434095561176e-06
-3.189848365908710785e-03
-1.092344706028324647e-03
1.749407307562408128e-04
8.034951065291139061e-03
7.984744401083066281e-03
8.733275041113421023e-04
-2.478920567066542286e-04
9.118427627500684573e-04
-1.030593660874030851e-03
4.916715601264988423e-04
-1.277528848570576867e-03
-8.630756276657077517e-04
6.097507926266276844e-04
9.939452379351427103e-04
-2.516086135449591490e-04
5.826114158316296780e-04
2.774003619990162870e-04
-4.935781425325369169e-05
1.579400467309833397e-06
-2.592005396604107285e-03
-1.754848417263835071e-03
-2.108609000052162922e-04
5.810098164826393722e-04
2.580738292756285315e-03
1.084163720256072850e-03
-6.111693151546458182e-04
-1.277270314084590097e-04
4.322250339095708464e-04
-1.858383558399801406e-04
-1.175293745434470306e-04
-2.679273492357477950e-04
7.112377303982717926e-04
1.608522719950589847e-03
1.114212764146032533e-03
3.862848467324714319e-02
1.239762588131928384e-01
7.787246994470360673e-02
1.718360081839995224e-02
4.343282021348861439e-03
2.111192997995249218e-02
1.038638376359677859e-02
1.134826595658233912e-02
2.674711431996357885e-02
1.523139176290025029e-02
1.030826694090585492e-02
1.193810246127746839e-02
8.912359483772575725e-03
2.542205207162371531e-03
6.132004764503897615e-03
-2.131672350141602165e-03
1.255703467664782491e-03
-5.917237456698634310e-03
7.229902488578988755e-03
6.340259441549621518e-03
-3.855268296091577329e-05
3.601055349074657776e-03
-4.419852985666263175e-03
2.208708631847506373e-03
1.661706665816993110e-03
-9.543617574135219083e-04
1.960582021716657762e-03
4.519563576291916085e-04
-1.483499961628682818e-03
1.182570467859431944e-03
2.640718412888464210e-04
-1.308166974294841132e-03
-8.203709292444690590e-05
-2.215778449849009017e-03
-1.547505068730325485e-03
5.912249050010899131e-04
2.016224617639922768e-03
3.084677666425570406e-04
-3.209562324075002082e-04
2.418229722212051160e-04
-5.617843133120091633e-05
-2.096884807787237955e-03
-5.019907040034052781e-04
-1.753066805123441126e-05
3.437145811789079058e-05
2.518710618879585451e-04
-2.037123856002555667e-05
-4.537558222853590339e-05
-1.340333290133271442e-05
-6.961224930195122331e-04
-1.207796868348304551e-04
3.731751521436362656e-02
1.158856032578480522e-01
8.475977469902366834e-02
2.640161560393806603e-02
1.568698094268694554e-02
-1.391504092854839274e-02
-1.203733448527331178e-03
3.301100272386765788e-02
-1.963229738527697346e-02
1.102738092943982831e-03
2.183799335443409317e-02
-9.778907020205573203e-03
1.927526065040148333e-03
-7.074908120216811744e-03
5.165248934322469974e-04
-4.014857482760516606e-03
-4.056476451272167036e-04
1.076469665235242146e-03
-1.120311922441136372e-02
-1.778246654122697017e-03
-6.413637073021677924e-03
6.108371681914757543e-04
5.844635834135207021e-03
-3.442657877861018262e-03
-2.128585539050467624e-04
-2.700470745498711328e-03
1.458240713396816634e-03
4.805903548233591595e-03
-2.384850639706290534e-03
2.069832017891498768e-05
1.336394974044053177e-03
1.953042229773959727e-04
-1.610441729335452057e-03
-2.554148384483675158e-04
-1.012807286342803318e-03
-3.735315543236561973e-03
-9.417164390627195524e-04
8.448387891162786054e-04
-7.462120736671178740e-04
-1.751140236683658771e-03
1.043318511917698337e-04
2.306580562947442090e-05
-6.750499678696053650e-04
-2.389488594064084813e-04
4.016035169098041823e-04
2.992270420304413018e-04
2.794868929605775110e-04
6.440932541821021387e-05
-1.555391399389848819e-04
-2.497277406206671060e-04
-5.960963060053626030e-04
4.087260464554821199e-02
1.236536643669392949e-01
9.170690571780236444e-02
1.773665814798391915e-02
1.013802989089601994e-02
-3.600627086031059788e-03
-1.284575458896871844e-02
1.628123312952296439e-02
-6.314206225316679535e-03
-1.832020609830109156e-02
3.271937769216525915e-03
-1.143451011987851006e-03
-7.858832415086433598e-03
-1.341336184246633839e-03
1.721851116001151330e-03
1.822881681732846761e-03
-4.806254305610430447e-03
1.830897490929097454e-03
-1.768092911153801901e-03
1.738762023972264528e-03
2.187775383517556564e-03
-4.187716660191876175e-03
1.141086015921291986e-03
5.156879962348725078e-04
-8.594889282822748544e-05
7.077472823242089315e-04
4.748520148763840938e-06
-3.820058064934505129e-04
-3.367597511580757417e-04
7.224126281920199627e-04
-4.374493172690595679e-04
1.761683966718685407e-04
1.007283123045681159e-03
-9.081205391091581392e-04
5.381655112522607768e-05
2.313086678264598788e-04
-1.475511166990123215e-04
3.944921539015097309e-04
-3.430025426759628353e-04
7.235540384399842464e-05
4.609827030810823663e-04
1.640998991162540130e-04
1.776830352053440241e-04
-2.735042718474187508e-04
3.055521259374244475e-04
-3.471348095952051394e-04
3.091471723526303906e-04
2.729488469988165865e-05
-2.819074575235186605e-04
3.498825217810821358e-05
5.351932049240664823e-05
4.092026222575174954e-02
1.243453730474063934e-01
9.032344951224947904e-02
1.723535724114941270e-02
3.656665902893039763e-03
-9.380623537574560647e-03
1.365343442145119414e-02
6.568950040862393813e-03
-1.429989326384480813e-02
1.911472552029029603e-02
-5.389535230776176800e-04
-3.789460592717497182e-03
6.521789756388865662e-03
-1.347437434988940641e-03
-4.442201425271382134e-03
2.658331738387894553e-03
2.161392280502633101e-03
-1.306491650240559866e-03
-1.365884103674401030e-03
-4.437350487265065598e-03
2.002476854848768157e-03
9.240426343703972770e-04
-1.459219114204187004e-03
5.039564459025756707e-04
2.421344216469952014e-04
4.360603122975000847e-04
-7.629721315146514903e-04
-3.648821363456384139e-04
5.182401623070164852e-05
-6.469038481044115654e-04
-1.173064749032682371e-03
-1.142458097085276488e-05
5.988382166988035155e-04
-6.398599776614874663e-04
-4.194808877678082837e-04
2.784992552654799551e-04
2.120655247324392727e-04
9.032799811042074747e-05
2.943678641410227043e-04
-6.824397485907882782e-04
1.383946265852065616e-04
2.190759240153200137e-04
-3.394306930808972065e-05
-5.598158834422222287e-05
2.934496309489451516e-04
2.389845396645858539e-05
3.040471264557496238e-04
-3.037960260104913442e-04
4.317981167771957709e-04
2.025257001658164688e-04
5.388957287889142503e-05
4.016984360098833917e-02
1.233564907149165696e-01
9.097488972120129636e-02
1.875287933269767851e-02
-1.605115662288134071e-02
-2.667059946898243245e-03
-4.677100735122675414e-03
-2.391529791595355808e-02
-4.199901873344246556e-03
-7.239986167223544378e-03
-1.006161520612975334e-02
7.121204135753734978e-04
-1.669429444571321865e-03
1.742575647323005208e-03
6.067862348505269387e-04
-2.267162248576816766e-03
2.685969905757336611e-03
4.099701239683254013e-03
1.586300869221524959e-03
1.303951337230522720e-04
-1.913599450068295335e-03
2.656747925180617982e-03
5.197558720115903232e-03
1.592880406155911552e-05
-1.731110234054365345e-05
-4.054850936434315758e-04
2.109275822293744896e-04
1.119340410423482661e-03
-5.563655163988276333e-04
-1.913465619476550016e-04
2.253102270385948838e-05
4.442393852478925334e-04
4.786550982869332564e-04
-7.140448132766944117e-04
-8.712441777764227827e-04
-1.398609625488805321e-04
5.031946506176403233e-05
1.995722801337497672e-04
1.250324307475068550e-04
9.718922934680590761e-06
-1.987536306185969733e-04
-8.238445191230566161e-04
-1.805992594585348267e-04
-1.809363176273799407e-04
-1.150619690415730334e-04
4.854088472511599618e-05
-1.638895691462878134e-04
3.061301418809689399e-04
1.327212429971360089e-04
-1.708406342989452745e-04
9.740168917467403268e-05
1.402129726588810799e-01
3.442718686219270463e-01
1.152088222652031035e+00
1.817940901075545845e+00
2.185080627903752237e+00
6.262165835840309835e-01
-2.029711168365797014e-01
3.890068156416933709e-01
3.869007328848595439e-01
6.886340960023416835e-02
-2.445945414798152465e-04
1.743163483691386470e-04
5.552470662880513064e-05
5.774154189552106525e-05
8.880431367371503923e-05
1.380903262041279682e-03
-1.281717500112100096e-03
1.135554151149238298e-03
1.678534266958964889e-03
1.583481645884760036e-03
-1.788873651725563993e-03
-1.562977635359260545e-03
-2.347648573895816208e-03
1.939435152327192513e-03
-8.729429835752069902e-04
8.036534162414786173e-03
-4.750469183495486386e-03
2.609295571454682810e-03
-4.367386319422305457e-03
-8.490778381727741905e-04
-1.382536321252439242e-02
7.575918962830525684e-06
3.427397133211247150e-04
5.960337699545877619e-04
-2.093239071370785361e-04
4.710854986512986585e-05
9.275898035475436476e-04
2.854974762203472353e-04
-9.825610040661086290e-04
-4.908600328032651765e-04
3.864209831179602535e-04
-7.371489324519178406e-04
-4.948863414431977628e-04
-2.509425457044274846e-03
-1.980398923737789352e-03
-3.747521393586092939e-04
3.123863794460263361e-03
-3.940671508812416436e-04
1.053744459905460971e-02
5.743284795534353213e-03
3.487326451217346267e-03
-1.787697212176523947e-03
2.867207244990109885e-03
3.469532303595838571e-03
5.537565215662467637e-04
-2.393708969095052774e-04
1.461200426692233975e-02
3.560945616827929702e-03
-1.092946794639621487e-02
-1.843388821450978043e-02
-1.802779634455674426e-03
-2.473275220354329874e-03
1.362390989360518986e-02
1.898223348481720141e-02
6.756470684176840713e-03
-1.862000246537027365e-02
-3.204903701288636803e-02
-4.935086587220608063e-03
-2.200206965011601134e-03
1.780034877799260146e-02
4.399879828462962064e-03
-2.051251417144315647e-03
-5.169330510274967871e-03
-7.174048604756056574e-03
-7.608059842928641516e-04
-1.766099747371167753e-04
4.668355612611507430e-03
1.924331570538007508e-03
4.584961462284096664e-03
1.137356384616529771e-03
1.762343213904351462e-03
3.981663964323093469e-03
2.804006096565932063e-04
-2.914382560345976300e-03
4.742391390245518507e-03
-1.177435273777885242e-03
1.347114411635052817e-03
3.715720323078885307e-03
3.679147571794294438e-03
1.331639820538572981e-03
4.272561682486277802e-03
-3.873961686556540878e-04
-2.128909057043366134e-03
3.411356194654074480e-03
5.238905848935272204e-04
2.862522343686663704e-04
1.821780366250908348e-04
5.186012019797865647e-04
5.051192731140168079e-04
-1.281640424832135739e-03
-1.764721241365541397e-03
-9.501682130438189556e-04
-1.471350721869100478e-04
2.496442644501347882e-04
3.140445490786131200e-04
1.329362509906591128e-04
1.424905320954616417e-01
3.395491204008446173e-01
1.161940692421083998e+00
1.808928909569142096e+00
2.204611662195057775e+00
6.149305919361149897e-01
-1.889416678466527555e-01
3.622568603126691822e-01
3.412840093757723015e-01
7.807706132572586610e-02
2.087047309667460480e-04
1.088574896716597518e-04
5.260129703945953718e-04
-7.814615390870418839e-05
2.599405891454461409e-04
4.075328084867249428e-04
9.122082361668591450e-04
7.183311252999747187e-04
2.563515375815065851e-03
-9.656838055357425512e-04
8.559162124063855666e-06
2.363586301156051471e-03
-4.525528090263085650e-04
-1.313266197801434953e-03
-3.067163587449090161e-03
8.189513464117450028e-03
5.637363406189464278e-03
-1.710035920859716632e-02
-1.098371340596253874e-02
-1.316234347418953309e-02
-4.578657430760483399e-02
3.460179461529464678e-03
5.731699940708928761e-04
1.811269216098904079e-03
-6.302793953913614442e-04
6.458407480567347845e-04
7.921496643271356414e-03
1.260636586254428124e-03
2.830673970149884169e-03
-2.037306387734657924e-04
1.352119707120377811e-03
4.020447595748175701e-02
3.207762832000198190e-03
1.079813480743183583e-02
-7.124564795419729112e-03
7.866058160119980200e-03
4.726096754322597904e-02
-3.798868020895899977e-03
1.047596886944939659e-02
-9.703693838648252620e-03
3.976227478891323011e-03
1.538090134005565615e-02
8.409503967924164460e-04
-6.097203587977501581e-03
1.587700559806580047e-03
1.020444982854713323e-03
-8.385992273685033502e-04
-1.767240747316752361e-02
8.617778444877483360e-03
2.215789970864932845e-02
5.646339968423559445e-03
-4.673075199729699418e-03
2.658494303727197000e-03
-4.679925876343420392e-04
-3.576227848076588001e-02
1.863512845691050329e-02
4.540791664755984558e-02
1.410868363932774386e-02
-7.554492331487640613e-03
6.246945622989325334e-03
-6.005389547553112960e-03
-2.374741130089562738e-02
1.352708984646853151e-02
2.029921942065798096e-02
1.251401412339364985e-02
-4.283082250032394650e-03
5.711916461263499660e-03
8.500829063421114391e-04
-8.066211244145027760e-04
4.545481929289579837e-03
-1.312572272053653282e-04
-7.488443006097019817e-04
-1.102036729769967360e-03
9.532229250110487578e-04
-9.484446833882085454e-04
-3.299157463927935175e-03
5.038674698855551267e-04
-1.232006471125991851e-03
1.807747926821332094e-03
1.535748226019772534e-03
2.160177664730247079e-03
5.271007308629234228e-04
-1.750389333717876014e-04
-3.390295406611918653e-05
-3.344798530225104663e-03
8.549024691060028982e-04
-1.086359287349743675e-03
1.468081485842545435e-03
1.821345003788878104e-03
5.359897074528619789e-04
9.316194593413755498e-04
-5.609908048423737715e-04
-1.743191178150532413e-04
-7.307266413071666694e-04
3.272682692883218097e-03
4.367490572147021081e-04
3.306173165262132341e-01
6.858222369128545992e-01
2.236790734296305594e+00
3.789437077546066401e+00
2.644416849369758626e+00
-7.340931851539176170e-03
6.982752779954935762e-02
9.454049146699438078e-01
5.824133084745983790e-01
1.333959595201706927e-01
-4.575971999101984163e-03
-2.951847011105103880e-03
4.861322542775674618e-03
-8.148188147273563789e-03
-6.069198450664741243e-03
9.726931956185151315e-03
-1.612319699324954794e-02
-1.034105985697021668e-02
1.701122864599330028e-02
2.857503509727053401e-02
1.892726722767972339e-02
-2.946165763604415358e-02
1.309536201178933094e-02
1.006674981254525141e-02
-1.876658245002836914e-02
6.777710684363830521e-04
-2.257286544730868327e-03
-3.423426131161417911e-03
2.422427064400268365e-02
1.290857070302412098e-02
1.022877200016830863e-02
2.384303925853353563e-03
7.196440250580743783e-03
4.532678010681205107e-03
7.870368453686290774e-03
-4.889721894706021378e-04
2.401812154040633245e-03
2.351984688107897070e-02
1.363709708361698393e-02
2.707025231275422480e-02
-2.040966938042935823e-03
1.421889500225943966e-02
1.210418045830949189e-02
1.017223840547459845e-02
1.104625748477272747e-02
1.776463453009619444e-03
8.136012664173125977e-03
-7.449800807591548018e-04
4.799142723098216885e-03
-8.316605663202373579e-04
1.678529836330520464e-03
-3.269209707062513057e-03
2.819384916765952515e-03
1.143416564906921812e-02
2.378239542199053324e-03
-4.954736929767200246e-03
-2.100582289245314042e-03
4.318234415258243378e-03
-1.189386912049780927e-03
-2.697092706860799386e-03
-1.687365627680426430e-03
1.302065283996707915e-03
4.495647890949206523e-04
-3.609634778428395981e-03
1.046488205286977627e-02
-3.421839325011431700e-03
-9.753549733446333428e-03
-2.554701493224760013e-03
2.914713950127662077e-03
4.798585454124888803e-04
1.195114810745322354e-04
5.489941093057101873e-03
-3.413885045568749912e-03
-1.942668989297517647e-03
-5.380972896993486791e-03
2.745565229966570142e-04
8.018238235109956258e-04
5.078874683191438250e-04
-1.632205069364146442e-03
1.426190519599389913e-03
7.612588809838745103e-04
-1.670247822610931117e-03
1.448616878883394674e-03
2.410989557917221908e-04
3.273188555955250920e-04
-2.392490069088986911e-04
-9.398596786961481929e-05
-1.653764248246924161e-03
2.579632357900288504e-03
4.785283125037516458e-04
-2.571857432432323332e-03
4.144050679656316721e-04
4.042308603713018153e-04
1.205365701374191707e-03
-3.609976570975324730e-04
9.818727185490618790e-06
1.442473633961122636e-04
-7.332983103458311312e-04
5.434202577748891057e-05
7.946493772270046526e-04
-2.553056009864982474e-04
9.517944678631263351e-04
-6.881113981137687433e-05
4.305729128248197437e-04
-1.539754055437107707e-04
-1.878605062627150253e-04
3.306454164755580072e-01
6.861038397805988565e-01
2.237224775802288068e+00
3.790732545342608617e+00
2.645343708202384736e+00
-9.055149272132297783e-03
7.114032571206885258e-02
9.406523181488137819e-01
5.841386667558408075e-01
1.289452276254983709e-01
4.626773932893733440e-03
4.393376769723833335e-03
3.464226270322993961e-03
1.099598209092351835e-02
1.024414655096124102e-02
7.320203151671382004e-03
1.594641606034732581e-02
1.510673888514184326e-02
1.198005398989682516e-02
-2.879034613919261368e-02
-2.692597806756816606e-02
-2.039534823472134717e-02
-2.167785972656804949e-02
-2.099230730421468294e-02
-1.565040677070106759e-02
5.076444223150053392e-03
4.882462245750908945e-03
-1.654171611623895697e-03
-4.178138499210278661e-03
1.300850535788425062e-04
3.579563738434936478e-03
9.561958367337767368e-04
-4.786588081551701630e-03
8.663415405256438481e-03
-7.823787747045672300e-03
1.214874530799768407e-03
-3.486362508174201298e-03
-1.636074241445453770e-02
2.610995520162368022e-02
-2.504965540639259025e-02
1.876630320323158197e-03
1.134299608705855236e-02
-7.742432335603387575e-03
1.850565876043949731e-02
-1.480377122502028221e-02
4.311822866824814929e-03
1.291703558153449102e-02
3.092334983459776258e-03
1.148499076200248676e-03
6.553037673191674985e-04
1.026185654597701119e-04
4.633300110501102978e-03
1.783502459989544679e-03
4.195200666771714722e-03
-1.090335097891250663e-03
-1.619108024325139629e-04
2.697286233228217249e-03
3.539824692558069062e-03
-7.058556710779408539e-04
-2.688604110152035317e-03
-8.285161460745205965e-04
4.774089969101716758e-04
-1.920846489781467045e-03
4.552311515207575245e-03
9.002817919607785518e-03
-3.797979471135938794e-03
-9.344681323665166364e-03
-3.062780961440203249e-03
1.470198646662946532e-03
-4.309472191582320276e-03
3.840335961334210430e-03
7.250057537920028689e-03
-1.006605870445842184e-03
-5.414427761145062211e-03
-1.351099958829114767e-03
-4.213296436028507734e-05
-4.123812669509354344e-03
2.216282715821395741e-06
1.261228290863769573e-03
-3.401494962067428351e-04
-1.644095465482965906e-03
-2.307381728370025214e-04
-1.700589462293879139e-03
1.935267575689069016e-04
-6.818505347060948435e-04
-7.541682432172966107e-04
-1.137632872264053270e-05
2.516425609173791357e-03
-7.615246086863894544e-05
-2.616246868757547694e-03
-5.071523216892115903e-04
-2.898651818032344039e-03
9.312456467898665982e-05
-2.254286453244385043e-03
-1.949978669150974646e-03
-2.038129596496831436e-04
3.234430669364721797e-05
3.298168389546117019e-04
-1.113342437675853697e-03
-4.066524311800984301e-04
8.721936728302169452e-04
-5.700583398225955419e-04
-8.553542911333750134e-05
-1.124883790713159199e-04
-6.470450579032859624e-04
-1.186344419820119732e-04
4.100178251195235601e-02
1.239284963086186714e-01
9.289337612140503853e-02
1.399396536412556881e-02
1.090933318661952561e-02
-1.189362036133086338e-02
-2.940810397124195372e-03
1.641199890812687287e-02
-1.812321157355565454e-02
-6.125903858117595462e-03
8.189369665845113583e-03
-8.298607992485598425e-03
5.847431910132506626e-04
-4.765617067365199126e-03
1.587851038700255823e-03
-2.788351698011986863e-03
-1.308518613018441181e-03
-4.000445103684824549e-04
-4.541020008211419171e-03
1.496926239766668094e-03
-1.566514417142814185e-03
-1.702699875427745495e-03
-5.847773374569241412e-04
-2.979933173966697098e-03
3.852749312926723852e-04
-1.381454334266063238e-03
-4.048864272793129096e-05
-2.579049945072919370e-04
-4.907470299093620245e-04
3.572214615291265626e-04
5.393598172190457955e-04
4.601002165192912279e-04
-4.057657693389907227e-04
-1.450470345520050853e-05
-5.552344036509319512e-04
-1.924872539480437480e-04
6.481727573760379980e-04
-2.993457110967771796e-04
-2.093843016863057246e-04
1.030199417881259171e-04
6.853755713682472335e-05
-6.565346820014416078e-04
1.310016009287250326e-05
-1.973192344511066331e-05
-3.898291451032111416e-04
3.755987439193943928e-04
-2.314470620999196839e-04
-1.961486233233347806e-04
-2.352356938484263121e-05
-4.806769867047772001e-05
4.769886347747473812e-04
4.125602043899622567e-02
1.256194049524132494e-01
8.307706842519814450e-02
1.911450756045337748e-02
-1.592889828032316782e-02
-5.910346818329825259e-03
-3.898960935969659342e-03
-1.925179798534242329e-02
-5.994804813387044629e-03
-6.991744201602068630e-03
-9.656287523409976328e-03
-5.193100809540654320e-04
-1.894483662185623583e-04
2.969371051998719296e-03
1.095510316919979252e-03
-1.904607189279208627e-03
2.073217133651869548e-03
3.437160689084293400e-03
1.788420297591758945e-03
3.553163600352591449e-04
-2.564955267725872127e-03
3.609224024929498422e-03
3.443184875874556218e-03
4.206714735200569981e-04
8.757246662677395811e-04
-8.994630236613593071e-04
1.154076822486777010e-03
1.723090125865293053e-03
-5.635101873179196698e-04
-2.383243517332294466e-04
2.439984145923128366e-04
3.331558210366277004e-04
3.500472214738530150e-04
-3.922985007623152579e-04
-4.947768992541786565e-04
-4.554089887056787713e-04
-4.582290274331861412e-04
-1.469541338295280830e-04
8.355134661279484901e-04
7.075505264844539474e-04
-9.361467255635920687e-04
-4.554990356432631862e-04
-1.844506390994437065e-04
-1.174325867258146986e-04
3.064487716065540998e-05
1.966821095758229145e-04
1.044649753004746806e-04
-3.090608050705573914e-05
-2.750860861403297479e-04
1.064125014244067399e-04
-2.289562381567848218e-05
4.078145678417777198e-02
1.234215576631151196e-01
8.756380183238141046e-02
1.925575521910329740e-02
3.808596236557186196e-03
1.372765813926483079e-02
-8.813052980853075882e-03
5.178639415174851601e-03
1.770317476577619106e-02
-1.318206310097981039e-02
8.285700454914817197e-04
7.412089517728037702e-03
-6.047537614490068603e-03
1.856855626138272878e-03
-4.099750792749584823e-03
-3.906799545657161488e-05
-1.424250226847600552e-03
-3.104128686346244864e-03
1.043000760050287988e-03
-5.193139181247833844e-03
-5.187031198968741102e-05
-7.935737020117558009e-04
-1.914591031555950553e-03
-1.922679640821132487e-04
-2.201697549213468830e-03
1.490010800150567928e-03
-7.283503342198117698e-04
-2.231645199376165408e-04
-6.015912573510275941e-04
-4.546419176587856970e-04
1.996183305501063418e-04
6.804759268157599275e-04
2.057615679154504632e-05
7.797814427376336711e-04
-4.328121337439505144e-04
4.820345255485711331e-04
-1.473904152516352251e-04
9.152960833653236636e-04
1.640875691890384476e-04
2.446334958181168836e-04
8.558049645185325819e-04
2.643641886715519113e-04
2.745207034393977084e-04
-4.851827767543544750e-06
-8.561646568232915270e-05
1.278901474541286839e-04
2.253540950658442323e-04
-1.399503254985021345e-04
5.806588258941173874e-05
-2.430972909893274760e-04
-1.774325381795193867e-04
