1.404450989245794035e-01
3.435841773952990064e-01
1.152862399479794853e+00
1.816025766866629532e+00
2.186125100307156455e+00
6.259799856674265195e-01
-1.975345933552933864e-01
3.843111371225079731e-01
3.740545708493528965e-01
4.067334110081603088e-02
6.126129452854992994e-04
-8.806365360701928638e-04
-1.049451594097622733e-03
2.718615707488670260e-03
-4.257271097881035714e-03
-3.812905918227945182e-03
4.654770883131880040e-03
-6.402809484730171558e-03
-7.294136372559020635e-03
-7.820206945166467997e-04
-2.974990817124646865e-03
1.040086871024828398e-03
-8.001897792354781616e-03
2.515540274136877225e-02
1.420836700919027654e-02
-1.682575504612305456e-02
7.784777452789342148e-03
1.548252424387204333e-02
3.007418663730737022e-03
-1.312372396885310225e-02
-1.381130241726530837e-02
1.188663197515906151e-03
-1.146160597280078278e-03
-8.044821503338290712e-04
4.356837226952832952e-03
-1.443493378770269609e-03
2.638924332168920799e-03
-3.654455063578343574e-03
-1.087987014120729004e-03
1.579532275794681001e-02
-3.481109825649258624e-03
6.586533281929291429e-04
-5.315237172191059588e-03
-2.322382980333218688e-03
2.865279334078656495e-02
-6.081605903896717367e-03
1.737384859621023472e-02
-6.765992027276216195e-03
-7.472094071674990033e-03
4.118723900316320109e-03
-1.088180698035355956e-02
-5.241279943262427965e-03
8.668738226284932250e-03
-4.719439587473535716e-03
1.141418026963499305e-03
-1.082018824803596124e-02
1.581288396594457499e-03
2.288268419756506189e-02
4.051126750050810035e-03
4.796088631336346483e-03
1.485979485525894608e-02
-1.973010083683583802e-03
1.171688424314093306e-02
-1.281306808794002543e-03
3.474105917971991031e-02
7.462466600857280662e-03
2.937878496920844854e-03
2.154845212415565370e-02
-7.422726828090146951e-03
2.108524066072420614e-02
2.494199837171021204e-03
1.126942703981028034e-02
3.739536526759403793e-03
3.730154350337650665e-03
4.902436586423458871e-03
2.723422657238438668e-03
4.335331895109241496e-03
-2.150627992339388620e-03
2.423490597041578435e-03
-9.103814032962538518e-04
5.249256212307798833e-03
-3.101818232169218856e-03
9.356117377256615219e-04
3.305143150720011962e-03
-1.501173123697567774e-03
-4.841828851119386184e-03
-7.938083261134052824e-04
3.041712080037124732e-03
-2.305515445248329748e-04
5.921736830762823478e-03
-4.176038294611359586e-03
1.517691388149762163e-03
2.444330055366588251e-03
-2.158473160907384367e-03
-5.184354629942597610e-03
3.069637611091681441e-04
-1.370719436412117496e-04
-9.578175947800905438e-04
-6.030287925362502640e-05
1.862386024766859191e-04
1.090622714208840148e-03
-8.882972420767231651e-04
-5.950642651964147076e-04
-5.644417533035873540e-05
-1.086863502464194796e-03
-2.815571053299501534e-04
1.404802592716825893e-01
3.433131860081600761e-01
1.152711524321019976e+00
1.814970840739986047e+00
2.184969296871588362e+00
6.253037786019381983e-01
-1.968850702359505322e-01
3.783137137368402514e-01
4.317766868690166571e-01
1.554665599317297045e-02
4.491410785572130636e-05
2.109270863962460550e-04
-1.247413176539295177e-04
6.897126032703310280e-04
1.140120374214113799e-03
-5.684425296570001741e-04
3.782370933683649778e-04
1.224135515391083437e-03
-4.978893175486404348e-04
1.879763872874510742e-03
3.020414395685050608e-03
-1.982936694480279954e-03
-7.970259757869874867e-03
-9.737912936124687793e-03
5.357490100419653838e-03
3.795061703728561716e-03
-1.093201229900496278e-02
-5.675474501919455447e-03
-5.022700182167069358e-03
1.446064538285191624e-02
1.063088025647348535e-02
-1.059249648746239626e-03
1.331449974393994701e-03
2.564859446781492182e-04
-1.024714818508167631e-03
-2.907172774627294568e-04
-5.452243545011769069e-03
6.041202954155055170e-03
2.021115597874374552e-03
-3.554662680831105134e-03
-7.683495903482555085e-04
-6.862305421365835420e-03
1.617198188665370248e-03
3.908679442358090235e-03
2.340471909468369756e-03
2.612089354892709568e-03
-2.578601803869347633e-03
3.330608963361562924e-03
2.720843960451572573e-03
-3.712125595874839635e-03
2.064688132963982126e-03
2.356884859726740382e-03
8.874748360819576486e-04
-2.376197204197017399e-03
1.448811293811903128e-03
-4.000535932512203248e-03
-3.327970499595505130e-03
-1.155503408271808460e-02
3.572254484009564600e-03
1.282689393457971463e-02
-1.569744688267726146e-02
-5.801317633735524407e-03
-1.751773212726405460e-02
-3.084366037302184189e-03
-1.886320775264473115e-02
5.586126697551791788e-03
1.784834764199669591e-02
-2.263222428452912188e-02
-7.096663842211465949e-03
-2.541203401816148968e-02
-1.699024690023188911e-03
-4.959242871391520563e-03
4.600841721185060067e-03
1.498522221760674239e-03
-9.463365450687506036e-03
3.747126367234946374e-03
-2.761336520551317415e-03
1.115567743699722933e-03
2.122167387527523199e-04
1.759447141901824413e-03
3.902274929207073979e-03
2.346402305347349004e-03
-3.178652454709181892e-03
3.668865547043517576e-03
3.074615037055560603e-03
-3.770651681119703037e-03
-1.106409846649388439e-03
-4.293635335361101375e-04
1.239651503688645731e-03
4.839367798217971556e-03
1.619161086456293551e-03
-1.946663464291416680e-03
4.013434937394664247e-03
2.167882782059367668e-03
-4.621807364734172897e-03
-9.850736784732235050e-04
6.766332153889529277e-04
6.705769200450167838e-06
1.120621487174951886e-03
-1.894964614544341697e-04
1.737998455390607044e-04
-3.340408881652161439e-04
-1.872586776639886331e-04
2.818208490884056600e-04
7.292998741345356820e-04
-2.648059982071101332e-04
1.406516236361296524e-01
3.434695912150295682e-01
1.154291664801922135e+00
1.817529024544388028e+00
2.191432655354607739e+00
6.251543175273491793e-01
-2.099405976188925549e-01
4.140543946254906515e-01
2.959631030003537777e-01
-3.033844097073541690e-02
5.920990376399405729e-05
-1.636076370663364457e-04
8.226566990848477692e-05
7.435651698530313389e-04
-3.414756958391229678e-04
-1.928502891661232550e-04
6.809899936138725032e-04
-9.684064137315685338e-04
3.448169462795280023e-04
6.830186581349291216e-04
5.659469865332425811e-04
-3.636059201771529793e-04
-5.637546096344271326e-03
1.657048725372681133e-03
2.753098626556416822e-03
9.100626080071264404e-03
-6.932882837760851596e-03
-1.344177723351679989e-02
4.152751907896156031e-04
7.205380174940367692e-03
2.166971310398410708e-03
1.059322921865206261e-03
1.554236944995471053e-03
-1.466099416815064890e-03
-1.813493720911366200e-03
-1.763231991465696901e-04
2.819074969969596368e-03
5.254216710769224648e-03
-4.745820131822845594e-03
-4.796426320268754560e-03
-8.154366395802930276e-04
1.556986139846384433e-02
2.122836074790360877e-02
-1.843442339089661902e-02
-2.634682943527186239e-02
-3.831314796678890119e-03
1.217783902553724309e-03
1.723323638465457802e-02
-9.931249881219655906e-03
-1.859541892212565259e-02
-3.979755749595570804e-04
2.753181530876083489e-03
-1.350212701734490334e-03
-2.019566087272162136e-03
6.417249021316794554e-03
-3.430084952408390779e-03
-2.214524712908960691e-02
1.107940079420473983e-02
2.715539055649419855e-03
-3.597204130204466679e-03
1.188880965456557727e-02
-1.675742542869172388e-02
1.095712715663271254e-02
-3.198850384705960448e-02
1.621519606055275842e-02
3.389482918444174098e-03
-3.157746874339482229e-03
1.825283865562879471e-02
-2.627039906684514037e-02
1.687635155357044420e-02
-1.092967228388994072e-02
4.186845772730047287e-03
1.601852948746377214e-03
-3.113327330767667531e-03
5.447901776798072700e-03
-1.032355907886251672e-02
2.742105846621688010e-03
-3.341712186957031174e-04
-2.993014520902389695e-04
-1.873205764581157900e-03
-1.046089932426266670e-03
-1.272765788027826290e-03
1.086464892350512803e-03
1.575701682378071464e-03
-1.145187661045889670e-03
-1.617932522155036534e-03
-7.266771631159682238e-04
2.333788642787782038e-03
-9.904845239968355312e-04
-1.083152441984844326e-03
-1.692579982635615717e-03
-2.504574533075500705e-04
1.079976073458266015e-03
-9.271948173825363300e-04
4.973545481037627706e-04
1.262799543580115161e-03
1.681729082121643333e-03
-1.436574078958928295e-03
1.203616048878054616e-04
-7.612721788070000344e-04
9.407171396832375099e-04
-1.243845959464689272e-03
1.386720557494098118e-04
-9.414935050403350800e-05
6.347444311227811581e-04
5.687051159419928472e-04
2.773810008498572843e-01
5.374634996609084503e-01
1.736508289933324400e+00
2.915977832412254944e+00
2.264935448181041977e+00
1.820955978306489087e-01
-7.856621077849086643e-02
5.796966684590022512e-01
5.283373166337375082e-01
1.057848962076623767e-01
6.776583456285084786e-06
-8.834444976111311678e-04
-8.783751558305022888e-04
4.983693278352895398e-04
-1.396988512379480039e-03
-2.575255542644185915e-03
7.761724503818952659e-05
-3.376762282356819082e-03
-3.632791433655236518e-03
-1.800475047937283215e-03
4.451480348299037895e-03
5.289765996303854613e-03
6.208180051409814548e-03
7.959737744982847696e-03
3.758637687607424994e-03
-9.317560972075429604e-03
-6.404297616543226830e-03
5.498704001790545234e-03
8.503426761694377403e-03
-2.479176892450675115e-02
-2.306069316689016158e-02
-3.049698457456181001e-03
-3.361249123212745309e-03
1.974858731555907340e-03
4.318759208914246285e-03
2.084267576623737798e-03
-1.014437715850287011e-02
-1.395091628381571469e-02
7.307793580367258519e-03
1.769670003414600470e-02
7.999903872894549225e-03
-2.248552747045400382e-03
-8.238465539634276871e-03
7.077983744323807598e-04
8.328127036102099881e-03
2.503014253360213472e-03
-3.714713758851382035e-03
1.888392865915633836e-02
-3.912782603273218772e-03
-1.632121842814046250e-02
-8.152665351990934575e-03
3.243903048971155060e-04
7.311569988615163225e-03
-4.010816533302497162e-03
4.803879601544810106e-03
-9.257239897747539942e-03
1.080138690926774232e-02
-9.073669328525379996e-03
-1.385900342857963180e-03
3.914702165790151511e-03
-7.025537992546867713e-03
7.287893156985076129e-03
-5.938540684025307714e-03
2.667304548659863578e-02
-2.103233145252514022e-02
-7.675306366122205048e-04
6.689203585553752524e-03
-1.999695861902784505e-02
2.453395711843062849e-02
-1.417059577951791487e-02
1.271439689532129387e-02
-8.974773798486794171e-03
-9.438905435269321926e-04
5.443768477679008198e-03
-7.839480004493734611e-03
1.323736400094832795e-02
-7.314766349334628388e-03
5.105641799368041984e-04
-1.819555303529487396e-03
-8.641171767719332125e-04
1.044471499657576885e-05
-1.819991780456435993e-03
1.165331675942199267e-03
7.404697667499809998e-04
-3.565556830262542527e-04
2.949463643365502191e-04
-1.465846104023073391e-03
-9.192746781646705598e-04
-1.900579021103123486e-03
-1.464757727272746491e-03
-2.670043376641111944e-03
6.225860300214220398e-04
3.215872782305527911e-03
-2.753879371718521291e-03
1.957568630631426228e-03
-1.009896049846723898e-03
-1.097177448855070261e-03
2.003304968795904199e-03
-7.116606254220021917e-04
4.384686723985102065e-04
-1.065139137736067663e-03
1.040324997550853793e-03
2.254451617671794118e-04
6.618157291509168963e-04
-9.356543635916532691e-04
7.825678023579724519e-04
2.772619923491129179e-01
5.380362062325111383e-01
1.736101650981626721e+00
2.917528437335141778e+00
2.263111510361394796e+00
1.838988744199718806e-01
-8.880776934393247446e-02
6.038366673523541950e-01
5.361704640994994220e-01
1.055267819399367396e-01
8.264070445548277405e-04
9.460256248428338018e-04
-2.596493114816944645e-03
1.916675794674552354e-03
1.017614184386196434e-03
-7.373690109108845675e-03
3.200042741452933936e-03
3.695336756262438977e-03
-1.094480175272016624e-02
-2.575010490870984457e-03
-5.079890840525779286e-03
1.114492251163405785e-02
-1.199104601029417176e-02
-6.273388995403377313e-03
2.460578416673082913e-02
7.591915020901052885e-03
1.139463946844383214e-02
-5.312537496575086594e-03
1.731948215130269322e-02
8.188531302792288399e-03
-5.209961404597748466e-03
-1.115378368886892806e-03
-2.936572059728429808e-03
7.748818011623148823e-03
3.040886461312980352e-04
3.002346667565242589e-04
-5.945520663082955876e-03
-9.782275366339500400e-03
2.801726256691508890e-02
2.901466723366307506e-03
7.778910753914483568e-04
-4.485545800072024761e-03
-3.497691490324564625e-03
1.270176758743001011e-02
-2.678413863251808292e-03
2.212108602426023085e-03
1.473448869629241133e-02
-8.157927581830897411e-04
-1.060780032233264378e-02
-9.367655321258353592e-04
3.607375279802123216e-03
4.233472888724173523e-03
-2.310457477966184562e-03
2.176241093869579844e-03
5.675114592592704057e-04
7.654928754303761892e-04
1.695958763901499536e-02
-1.833850353073830305e-03
-2.780195529234302711e-03
3.092123629097546199e-03
2.503650462151969531e-03
8.256703730445673350e-03
-9.173512230097659662e-03
3.422032619175634227e-02
-4.373446062021170769e-03
-7.940481738400964606e-03
8.245254090015266546e-03
2.002783772984873326e-03
1.500212727259412140e-02
-1.839180041031271071e-02
1.127553163402024612e-02
1.382643977590981713e-03
-3.286946239820365614e-03
8.862876314237823263e-04
5.618475360220875859e-04
3.255701420834582194e-03
-9.449274996089470149e-03
-9.578139503020695247e-04
-2.407753097144073491e-03
-2.294882620630185523e-04
-2.285983072558439458e-04
9.614376475007363953e-04
7.803889819600806545e-04
-2.401182172679298781e-03
2.221277352645469050e-03
-1.853985698571778600e-03
-1.151286439908785894e-03
-2.981974322578378155e-03
-1.311697231878449941e-03
8.574284731601050679e-05
1.070397918378923965e-03
7.753807308025562669e-04
-2.667935172557466331e-03
2.584331357130230378e-03
-3.342562780274125137e-03
-5.372660359211112483e-04
8.801899026305099122e-04
-9.076298041698271576e-04
4.232633987000454208e-04
3.506511070009401187e-04
-2.554822721277693384e-04
-1.798643875109746547e-04
-7.908821439254359355e-04
1.800378295553156053e-04
6.223024734953739104e-04
-1.724360634831167537e-03
2.771082530744154448e-01
5.376943530999850340e-01
1.735062373614786768e+00
2.915640297355512889e+00
2.261828856733823390e+00
1.864204419337605889e-01
-8.845925069275231700e-02
6.092577404191276136e-01
5.086526075007220538e-01
1.163791005045043403e-01
-2.804976124319262932e-04
3.575485882345313287e-05
1.029274097859852327e-03
1.335045720070535515e-03
-7.370218520641185107e-04
1.113835639786080536e-03
-8.234115350241489207e-04
4.141685653746445445e-05
4.073127395578217055e-03
2.582033610705093338e-03
-7.706428694169653809e-04
-5.473887228465958155e-03
-2.577766782515511588e-03
2.278267414339911826e-03
-4.557670246241904248e-03
-3.808574020616036448e-04
-2.290810338347943308e-03
-2.088406554506385803e-03
-1.488969467517527352e-02
2.543579593550778645e-03
1.059776060392432842e-02
-2.394896189079252346e-03
-3.828259433034652496e-03
3.287527543655261158e-03
6.209589761198766947e-03
1.472207324130199576e-03
-7.780306720780537540e-03
-1.387250260139777022e-02
1.121590340311460002e-02
2.344390689940691400e-02
3.494669537367660513e-03
-2.667275622919559452e-03
-5.306632434287284449e-03
3.650731539178776221e-03
9.643448325464591686e-03
3.001745842942865790e-03
-5.507962807586031830e-03
6.898032437528601145e-03
-9.052706769721200830e-04
-1.211565203388500871e-02
2.815305380381140365e-03
-2.688359491289188125e-03
-2.385820148562019325e-03
2.710415081191912441e-03
2.824097301636428856e-04
3.485266086787919618e-03
1.543337156444050604e-02
-6.117871025538412950e-03
-1.513613155368153263e-03
4.931052981956661821e-03
-7.396764171722243313e-03
1.032128434705101294e-02
-6.106562250552408956e-03
2.947481907315045030e-02
-1.299458783087603826e-02
-2.172894831744077992e-03
8.628579824234226814e-03
-1.472711158626643750e-02
2.030047646387210872e-02
-1.054666283915967236e-02
8.693922154390194834e-03
-3.778879602215595712e-03
-1.257791571669459674e-03
8.891644446172217425e-04
-5.188669250534844526e-03
7.594588324336382611e-03
-4.404588587183045321e-03
-5.581890473306738362e-04
-8.788003487245437642e-05
-1.968010099413994903e-03
-9.261898332438621515e-04
-2.203640156208863860e-04
3.025475892822462789e-04
1.420333569998231092e-03
-5.884703729866589284e-04
-2.268798553323613963e-04
-8.000870377962949554e-04
1.991690055295870863e-04
-1.518445065733131172e-03
-1.496049721412081061e-03
-9.741376070253782334e-04
3.400004785222308164e-04
1.969674905787583211e-03
-9.670504068922853875e-04
4.168725087766140354e-04
8.789075172343291040e-04
-2.105401062607971559e-03
9.508445826320857577e-04
2.175484880999038902e-04
2.402008526107178511e-04
-4.462711332674937034e-04
-1.979617796311177727e-04
5.919824695928638464e-04
-8.777032481488393359e-04
-2.225887471006958501e-06
2.696831443755796334e-04
4.064210103415540065e-02
1.247419280215244647e-01
8.453601839012865604e-02
1.288981868342256240e-02
1.152184928185256800e-02
-1.369278189644417346e-02
6.291860437608647917e-03
1.409503297505366667e-02
-1.913485128098985077e-02
7.563696218721664005e-03
6.074629684586847940e-03
-1.543837890525092370e-02
2.085737218948753927e-03
-4.808131764969423953e-03
-2.877405929601025477e-03
-1.578118485711125282e-03
2.259799646897241339e-03
-4.210733360869406113e-04
-3.879021321087178405e-03
-2.479006032766524481e-03
-3.179342011305687221e-03
2.026264069954742363e-03
-2.648692811942594122e-03
-2.408619615623134799e-03
-1.146485058847859133e-03
-1.073048023076583236e-03
9.539222842881429996e-04
-1.831371226347307691e-03
-2.992594826332556964e-04
-1.025243082400150840e-03
-3.371249022718345099e-05
-6.612358446808238015e-04
-2.989458659339976347e-04
-1.559599868868268729e-04
-7.618138914424254842e-04
1.183167177605328770e-04
2.189896272548703048e-04
1.086754661829511656e-03
-4.313936837617377896e-04
1.324056186856063984e-04
-6.034287192711996516e-06
-5.377582336525561215e-04
-3.575137863223057204e-04
3.160860180435973057e-04
1.073708249905383646e-04
-2.753954862137370459e-05
-9.080251466172315335e-05
2.433532360015139306e-04
3.056721436213680502e-04
5.402009264952632251e-04
2.080294240970430840e-04
4.013334777500373457e-02
1.217322305641386493e-01
7.768403285755663690e-02
2.713692105891726131e-02
-8.738971664812323140e-03
-7.277483853405196726e-03
-1.539117777904500453e-02
-9.390954174946656088e-03
-1.085391002918949417e-02
-1.885279682834500176e-02
-4.428878456876526003e-03
-1.749703675843286566e-02
-1.704891313390201335e-02
1.630999116043355427e-03
2.936857864457837093e-03
2.645189744192676280e-03
3.830910595457542953e-03
6.339968029994264530e-04
3.124483718489872146e-03
4.511271422547430930e-03
2.884956860571717338e-03
4.102750805811233338e-03
-9.426482926082070104e-04
2.016370629383416012e-03
5.735563267055152244e-03
1.428149389041893837e-03
1.231467746651552413e-03
-3.417188897379607945e-03
-3.350552055845707530e-04
-7.866274793111600189e-04
-3.733335481110333382e-04
-1.618363838996090358e-05
-1.061438872438105101e-03
-5.210685852048419072e-04
-3.571858011659224930e-04
3.846075257770800488e-04
-7.723842857951490311e-04
-1.502337857391741445e-03
1.199463567228798252e-04
-2.936178309172421614e-04
1.473565627005848965e-03
1.682318403744155434e-03
-2.630547376866105604e-04
-3.723753936776017328e-04
-5.458208950114264374e-04
1.104022499112150855e-04
-3.102195473538013680e-05
-1.389824722553966590e-04
-1.377262101295262625e-04
-1.990285132305287606e-04
-1.752264048601422162e-04
4.119723061401760200e-02
1.250973848695340340e-01
8.867825016993088894e-02
1.715811253736283098e-02
-9.469828246622508452e-03
1.305616575490239038e-02
-5.289329481829369538e-03
-1.398941259391416059e-02
1.910458999326028820e-02
-6.483669379964814017e-03
-6.600282095378755959e-03
1.770190757478734079e-03
-1.757913217028795813e-03
-4.313714398812291094e-03
-2.314222969944068533e-03
-2.375852063932424804e-03
1.779193635687439630e-03
-1.479435750815963303e-03
-4.452723391995289971e-03
-1.332327490785675675e-03
-1.554973821226709107e-03
7.053994068539940713e-04
-8.479442888388151684e-04
-2.760872864692995093e-04
4.434187839661925842e-04
6.264296796686621331e-04
-7.519114988116326961e-04
1.937897750957529291e-03
3.235259290058270358e-04
8.947196174718953206e-04
-3.988644096498338248e-04
7.242137298199504856e-04
1.541593088915622976e-04
2.800780268896470955e-04
1.072691062385343818e-03
6.481131183625415222e-04
-1.064285311667115177e-03
2.223753999559055505e-04
-7.684335547050029662e-04
-2.184997162862043979e-05
-2.917215083430140530e-04
1.472598365679848962e-04
-2.045032692430764052e-04
1.762667432515367964e-04
-2.009486183001648392e-04
-3.334035964136569793e-04
-1.626414250703624707e-04
1.965725556833760506e-04
1.273328437055660167e-04
5.040805319895224875e-04
-1.289361780128080669e-04
4.111928110883504572e-02
1.265945828225465974e-01
9.458429290216931185e-02
1.629183259492993086e-02
1.451649832449931204e-02
1.706268023129405877e-03
8.982726045480721525e-03
2.222376232158578338e-02
1.736270234205562106e-03
1.239476409308669889e-02
2.848168757296723041e-03
-2.291872236130120585e-03
3.194829792870484270e-03
9.927332299778837254e-04
9.057626201870762339e-04
-5.009622699775420369e-04
4.969011839892812157e-03
3.627069575342482550e-03
5.124890803391288826e-04
6.358571780903800970e-04
6.542071220159998085e-04
2.957041131996064349e-03
2.755707914773726421e-03
-1.284635672122851633e-03
1.121787134522556030e-03
1.650598422326665692e-03
-1.273733688261074202e-03
-1.136269547597659572e-03
2.410848297993028902e-04
3.679243472657068009e-04
-7.910862558777008582e-06
-8.464848391569424965e-04
3.968448864986963746e-04
1.151689600964311529e-03
8.032936932812194961e-04
-2.137036117512507681e-04
3.895016553829231396e-05
3.773138508519581144e-04
1.034252816011029842e-03
1.996940319805619053e-04
-6.265710475348537948e-04
-5.042514218593492593e-04
-1.400508012267926924e-04
-1.852346040917446943e-04
-5.736026402967405293e-05
2.246739594409812480e-04
2.617185249992833355e-04
3.486299534786204248e-04
-2.569675748990729895e-04
-3.151517445634804829e-04
-3.233453949339252457e-04
3.799362473458643003e-02
1.231426217954888214e-01
6.251985089054487577e-02
7.899849695433194124e-03
-1.610517065746817564e-02
-1.574523025841764734e-02
6.283940668222427924e-03
-1.709952776765923110e-02
-1.967127748580994179e-02
5.091507958426998680e-03
-5.198558075738959200e-03
-1.017438608899612178e-02
4.762963433837415342e-05
6.718217382324327865e-03
-2.630531523692573436e-03
-3.375661143703087477e-03
-3.009869911819545735e-03
1.375277549795007913e-04
6.865926080540129747e-03
-2.911377354590108726e-03
-3.424506891337216179e-03
1.174565950025534749e-04
-5.662435893863296916e-04
1.765069906532901450e-03
-1.801479117941987864e-04
-1.386106997810348249e-03
-9.163580219368989499e-04
-7.328099650929905057e-04
-1.590344265938592591e-03
1.615614865228859939e-03
7.368903768954999716e-04
-9.185674747418296317e-04
1.040749378764195023e-03
-1.992009220470348509e-04
1.556140010771093346e-03
-1.236608950420626466e-03
1.669929796613026584e-04
5.665697369891523798e-04
-6.422349601129756589e-04
8.307385892227999195e-04
-1.190595442166822058e-03
1.078549289617986321e-03
1.674782748067696911e-04
3.524145661462464783e-04
-2.978960102404818789e-04
3.753877053743909795e-04
1.428426632071499362e-04
1.264821902547190425e-04
-3.623856516968670515e-04
4.978520598348825082e-04
-6.686738459170357999e-04
3.765951406172991789e-02
1.208960730627282876e-01
6.587810747450872917e-02
7.058637073674899932e-03
2.170653943284968357e-02
-7.907306970521514947e-03
-1.755250193638159626e-03
2.748959055004487548e-02
-1.061294121618943688e-02
-2.038636866884205399e-03
6.805458179805773042e-03
1.338713797710754929e-03
1.386003335854082193e-03
-5.206258041124226486e-03
3.825908420529723067e-04
-4.197032887089585662e-03
-9.881408806398429313e-04
5.829253440181623308e-03
-3.854478603940757805e-03
-3.454593862816139008e-04
-3.833960430191938468e-03
2.691592725106476628e-04
5.632572531319853318e-03
-1.045539660244755006e-04
8.596824899946372721e-04
8.168878847914771730e-05
4.378068626849764087e-04
2.059443449296848635e-04
-2.197161243883192713e-03
2.710166130799459227e-04
5.605132953744932072e-04
2.646073249509165804e-04
-1.709388957924925199e-03
-1.919455367067289791e-04
1.465818563017457117e-03
-8.004713153983691789e-04
-8.386749483751326307e-04
3.249257325930044859e-04
-6.412185076035072269e-04
-7.024057099928623753e-04
6.333163815475311787e-04
5.006066320638619810e-04
-4.996689432183697155e-04
-2.949075001929417133e-04
-3.962284558534417744e-05
7.837461357666156085e-06
-1.335149885164941608e-04
-2.890368074282877522e-04
-1.947110860435112372e-04
4.123817203000582272e-04
-4.596453910092232578e-05
3.836617969825523861e-02
1.225321695488365420e-01
6.935747572397650551e-02
7.517703448228290133e-03
-1.813449739436717549e-03
2.118935853093254287e-02
8.488216648468733388e-03
-2.655803468710825994e-04
2.467288938913295496e-02
1.038900520322012626e-02
-1.503608798697994705e-03
8.646459698312234862e-03
1.282580324194804644e-03
-1.078597654502353289e-03
5.461505689805200986e-03
-2.450118723516355162e-03
-5.504550981553471729e-04
-6.488033161871226313e-03
3.771434132861974510e-04
3.936846899211352002e-03
-8.244366339133659240e-04
7.295114100961500340e-04
-5.106125967969852263e-03
-8.967540139712982259e-04
7.403560994335288588e-04
-3.387011044860265560e-04
-5.191236161745568225e-04
-9.479755654209085424e-04
-2.054128195057072174e-03
-1.786716482085094759e-04
-3.916546197843875639e-04
-1.379439063667527296e-03
6.570918202661395994e-05
-1.920465233762724778e-03
1.890493109583359836e-04
-9.428305624382400489e-04
4.753575438408168719e-04
4.629017883180142111e-04
1.461704943110458900e-04
2.121414383734099740e-04
-1.125326973501190094e-03
8.317709417429663651e-05
1.280411904759166278e-05
-5.799690882931506260e-04
2.162551171265797792e-04
3.478309454472814808e-05
-7.967578776557877418e-05
-4.392393351635732736e-05
-2.521836721301928732e-04
-9.690598676695225545e-05
5.059557563012639014e-04
3.772386969017495206e-02
1.220430749712230756e-01
7.004006191811791571e-02
7.225587993694554921e-03
-1.748259554812976388e-02
-1.442945518777443911e-02
4.423668871418484638e-03
-2.206928385106902979e-02
-1.697875383780406838e-02
6.546465356671485325e-03
-7.513843776381377675e-03
-5.210290352554469359e-03
3.133454110777931026e-03
7.418513024429595343e-03
-1.806504738310244331e-03
-4.020486165546191537e-03
-2.207336592909794892e-03
1.482722893159031880e-03
5.349680870837108908e-03
-2.807166315120920939e-03
-2.621392561790701799e-03
-2.183374501716169123e-03
2.474734536619031464e-03
1.332945239420743524e-03
-5.646933118383437849e-04
-6.910345159479937315e-04
-4.412763521854837874e-04
3.531478921928777898e-04
-2.147796885213499284e-03
1.285624106756119104e-03
7.734078396294121567e-04
-8.862265921853658976e-04
1.224074655584542507e-03
3.147387743971169689e-04
8.369100786812599209e-04
-1.347764665828435132e-03
9.569756285169268633e-04
5.238743828458030527e-05
-6.376825556595426677e-04
4.083272274902163845e-04
-6.196439433027395392e-04
-8.263932458868499713e-05
4.697106712448897233e-04
-1.820959348327939496e-04
-2.158895525561309631e-05
3.205255983445211179e-04
1.296972034191949696e-04
8.886394253471694739e-05
-2.689883454188739579e-04
4.532959971542442016e-04
-3.322427400513258927e-04
3.791339104942208910e-02
1.213182535136389378e-01
6.580465619543561517e-02
7.372685637081203246e-03
-1.335668768978333408e-03
2.122302779138689546e-02
9.263157314727524586e-03
-2.933371451762650014e-03
2.367617431400123942e-02
1.096317035873834583e-02
-2.382786218850387917e-03
6.207544642334823087e-03
4.740646609996361852e-03
-8.574495559944372673e-04
5.647633047139030520e-03
-2.410414403972895112e-03
-3.242859659678119268e-04
-6.512445090357521331e-03
-2.104441210260587017e-03
4.282581011869729740e-03
-7.396942643057099641e-04
-2.425601092779121673e-04
-4.253115284191647666e-03
-3.156911441205809718e-04
8.157360887609788839e-04
8.355734368560831997e-05
-4.430839493596384551e-05
-5.585423168413813444e-04
-1.734986711719115060e-03
-5.157094872205152808e-04
-2.637442628144166606e-04
-1.411507667414577810e-03
7.051307800021203674e-05
-2.121728420615159264e-03
6.620353777450914455e-04
-7.903282271072551747e-04
2.627367942017417657e-04
3.133291237814438026e-04
-2.632537234171234276e-04
3.071719653095516026e-04
-7.482755754711475828e-04
7.087244037813539331e-04
3.116256994683497760e-04
-4.280159816733786681e-04
2.694146729092626461e-04
-2.168142289191371877e-04
-2.225361335628777903e-05
-9.552041179260422742e-05
-1.857565132842629407e-04
7.034419636825484361e-05
3.226392215517698758e-04
3.986009192292126052e-02
1.202325525034298737e-01
8.744383063319671745e-02
1.317663380634585997e-02
4.193148849242032440e-03
8.922753436177559847e-04
-1.598687268564364175e-02
5.910047072126508629e-03
1.166169939920035786e-03
-2.426603420675084791e-02
7.221175957921528374e-03
-6.142629132123492847e-03
-9.439258605404258692e-03
4.381232740384237412e-04
-1.107032093130206436e-03
5.079106239370644732e-03
-2.229711041273618310e-03
2.503568369895886668e-04
-1.219266878534509563e-03
1.311037834197899916e-03
5.399800870588171604e-03
-3.081665777853164617e-03
4.905571193524640820e-04
-3.675894996597051925e-04
1.656086718813781257e-03
1.175559069098523627e-03
-2.271494523852365336e-03
4.948505853734282449e-04
-3.952680974266507152e-05
8.421865707815918891e-05
4.064199801441109334e-04
-1.209771267174137742e-03
7.623360037290505568e-04
-1.172397849976022742e-04
3.443647472467474416e-04
-2.267008449067852501e-04
5.112073008710067788e-04
-8.537168545350123277e-04
-4.566675605751517380e-04
5.642965521502012584e-04
-3.648521468181136927e-04
-6.771732725221178174e-04
-1.160040232678490692e-04
1.148597409352384896e-04
-1.759096437959170210e-04
1.736186273902274202e-04
-2.069338692764263049e-04
4.389917945510545742e-04
6.716671813161935640e-05
2.546259156458660091e-04
-3.292733034596171792e-05
1.402232637864271880e-01
3.442951698760607915e-01
1.152120519572726431e+00
1.818099163433870791e+00
2.184790635333901054e+00
6.263185726705554623e-01
-2.065711099032998543e-01
3.973111988339884104e-01
3.822524157091496955e-01
5.931828591431425463e-02
1.587628402494048398e-04
6.473011823615698840e-05
-2.943052755895381374e-04
2.036669222076388161e-03
6.228600752537421853e-04
7.828587622132273131e-04
2.495160462902920595e-03
9.963431661031999995e-04
-9.643507090570471209e-04
2.207335759190401822e-05
-7.187928552143244866e-04
2.389534588267290365e-03
-4.487875270665058619e-03
2.158528180197450330e-04
-4.639122964508846786e-03
-3.703540745029564041e-03
-3.184383382410593908e-03
8.644462279563900134e-03
-6.121922088031954250e-03
-4.653267696799944994e-03
-8.158091774218634643e-03
8.520420382648205776e-04
3.227370725794876370e-04
-4.868317397091684990e-04
1.850885314074177720e-04
4.417507081583510009e-04
1.226715198981617445e-04
1.787738669423889239e-03
-5.379956245674311814e-04
-1.041631776990600226e-03
2.753338625399184511e-04
1.669253819877885301e-03
-1.516971311583456723e-03
-5.266277052919304336e-04
-2.989587481352711743e-04
2.001870065440447923e-04
2.493453702603302437e-03
1.038276614016363751e-02
-2.043939618938000503e-03
7.430519394044418635e-03
4.406253684533381100e-03
2.567273192947228198e-03
3.398589538539703754e-04
-2.528759283619986110e-04
1.274461719855705163e-03
1.296063750349133381e-03
-1.228363399088697530e-02
-2.108210056909172458e-02
1.723519479942774504e-02
-8.652212195934750249e-04
1.770583678927995907e-03
-6.451525683408598430e-03
-5.186047191313747015e-03
-2.108324145004178071e-02
-2.956918929573572330e-02
2.261018830034495011e-02
1.312485221426293270e-03
2.559941414684037148e-03
-1.257456681929940492e-02
-6.399725126622722061e-03
-3.685404565558230653e-03
-6.934933220555720285e-03
4.003453979421317185e-03
1.376036048414562910e-03
1.412309904123012182e-03
-9.022725068356083917e-04
-2.523209350589116981e-03
3.426518984665837941e-03
4.250554882555481091e-04
4.410133974654546741e-04
4.788540951582594932e-04
-2.782095901237259788e-03
-5.409453524540973855e-03
-2.603736841545227325e-03
2.386969993968796229e-03
-4.480285825122655614e-03
1.893859267614899549e-03
-5.307639955358368867e-04
2.147426422495809194e-03
6.235889972666811346e-04
-1.692408075256406639e-03
-6.013125986503947348e-03
-2.654955718618533678e-03
-6.233347489217831152e-04
-2.320069034813936146e-03
-4.909901197836675363e-04
-1.758435641752514010e-03
-2.056885498463291255e-04
8.413160827357310740e-04
2.099592292817956574e-04
-2.880545284938084935e-04
2.471639087127392299e-04
-2.637092657043374304e-04
-3.402436978322244073e-04
2.821943256246989599e-04
8.389336951245471557e-04
1.425435498843060367e-01
3.394775128595748370e-01
1.162146103070761161e+00
1.808908455965976714e+00
2.204621565644664383e+00
6.149597885035387179e-01
-1.919173195438457491e-01
3.657719152387580164e-01
3.545272176639091000e-01
8.323082527152300680e-02
4.653594266714711995e-04
-1.172314032465442591e-05
-4.401161931362636542e-05
-5.160306336350857026e-04
-4.193351034780991998e-04
-1.177485299816684804e-04
1.760733188872039756e-03
-4.883984331900862548e-04
-4.537132009949144625e-04
-2.000466531130470178e-04
1.298129567974733081e-03
1.698480306571334766e-03
8.085333424446149338e-04
1.307004800985269496e-03
-3.854420671123728426e-04
1.423004981677806167e-03
-1.891754672943337864e-02
-1.227120925284817636e-02
-4.481251606419051070e-02
-1.098417942418074278e-02
-8.570246574173323584e-03
-6.461835726701283217e-05
3.597964633125353296e-03
-2.029416481408352017e-03
3.432101501552172417e-04
1.342736833511214882e-03
-5.638558692118430605e-04
6.688151086557117195e-03
-4.667516021715663148e-03
8.572328742514736047e-04
4.047850278839542140e-03
-8.016064659362040490e-03
3.920782457756236822e-02
-1.974565419205649014e-02
-2.095132953173105966e-03
9.475272424014148306e-03
-1.709987282486119184e-02
4.273661322572924054e-02
-1.871329510220964484e-02
-7.283853239120958133e-03
4.089116987085905479e-03
-1.106500551463366830e-02
1.002438814646926593e-02
-4.064318224662116091e-03
-5.943628397798672754e-03
5.238695627494861654e-04
2.305538836207654887e-02
5.759359031576611471e-03
-9.084286000509231990e-03
-4.276526720427914485e-03
3.282929831283757077e-03
1.923537222718113213e-02
-3.931318027986273507e-03
4.480800234350190009e-02
1.172615187860470351e-02
-1.605494448590728471e-02
-8.972229401043280150e-03
6.786343073571594366e-03
3.684258193104594792e-02
-8.682300460509441778e-03
2.735751540157557032e-02
-2.722786415806073643e-03
-1.122119578680030351e-02
-4.830003773044674528e-03
6.533536869755128540e-03
2.206694388702435186e-02
-2.483419233165443281e-03
-2.572963694633811243e-04
5.218157769309156703e-04
4.600085131231310934e-04
-2.812689731297579078e-03
-1.423406305758349302e-03
-6.008043188768915965e-05
-4.021483286257465824e-03
5.544557041171371305e-04
1.034495103181609817e-03
1.507761041408729350e-03
4.626636289181198895e-03
-5.838688881457742381e-04
-2.896458890447150235e-03
-1.022628179810899495e-03
-2.909853876541394812e-04
-3.774249863693108923e-04
2.451833676829644898e-03
-3.460013094425743764e-03
1.495994460304197809e-03
-2.109626822543334522e-03
9.856329561278244413e-04
5.098927641142694334e-04
1.455549430364050595e-03
1.926763068575740312e-03
-8.261757630046675420e-04
-1.479731266314666905e-03
-1.384343003103140476e-03
-1.941845506801769374e-03
1.679932920779124254e-03
3.308399628926381730e-01
6.851191090699625397e-01
2.237486295594955710e+00
3.787632533852413719e+00
2.645643588826499304e+00
-8.749569856546424509e-03
7.320990563417449637e-02
9.382564028986963844e-01
5.987143332820739072e-01
1.142058473123416795e-01
-3.846597029154955353e-04
5.647052442195580994e-03
4.276030571120643074e-03
-1.383488762401558327e-03
1.072082627804367590e-02
7.801705776286024102e-03
-1.361159116454524216e-03
1.983796113079204157e-02
1.510722229660270768e-02
2.899174499808960300e-03
-3.509306593320437456e-02
-2.662650390599322417e-02
3.027674215777805510e-03
-1.908869014842928119e-02
-1.352981287735586027e-02
-6.859774314868785465e-03
4.308713817577165296e-03
2.244666643246437648e-03
2.345249323208166078e-02
-2.510709238368915436e-02
-1.875070134883452880e-02
1.604991326691696972e-03
-1.807223232905055647e-03
-4.769730741713939202e-03
2.371462128700915339e-03
9.600770506276673152e-03
6.960257911578443882e-03
-1.239684388026524552e-02
-1.330377374257303916e-02
8.459086463891046445e-03
3.152261264988001632e-02
8.931335763158356053e-04
7.200351648755088513e-03
-1.172711101855314353e-02
3.643859111276309074e-03
1.663996786067688943e-02
-1.636542747363728140e-03
6.487412975954160062e-03
-3.792260823538112693e-03
-2.236757905128745362e-04
1.972863821999561781e-03
9.234091262362348687e-03
-7.427490945926758931e-03
-3.401784769035109610e-03
7.555243357435421220e-03
9.139900908330092846e-03
-2.530012709262424286e-03
-1.407190819603992751e-03
2.172231268797175218e-03
-1.669103183680912183e-03
-5.646094104714732050e-04
-4.307690965355439119e-03
1.242184403573931778e-03
-8.294587313476528556e-03
-5.674276926349716352e-03
4.677178201941386941e-03
-2.235296985767083310e-03
-2.113642315368763867e-03
-9.905443944992105287e-03
4.615513192510433717e-03
-2.406864567011330128e-03
4.362205861489535058e-04
9.753055486857014613e-04
-6.044750954691922732e-04
-5.094280066406753436e-04
-3.125689541174734871e-03
-4.735932593914780138e-05
1.005397393420884083e-03
-2.017457293740749884e-03
-9.069284626881748707e-04
-6.611681402898197284e-05
-7.050830958349286548e-04
-5.392990753132974698e-05
-1.329947156185765653e-03
1.546607257831373629e-03
1.341602325963503267e-03
8.229783881063087352e-04
-2.062544232468031292e-03
-6.561114781072870713e-04
-3.074506020072039804e-04
-4.110673956264240770e-04
-1.508402560538349673e-04
-1.031961327973743726e-03
7.813746149633760563e-04
1.286297839783182061e-03
5.366418393537497264e-04
5.173343312184413905e-04
-4.413660760692328920e-04
-2.707731503213561429e-04
3.015018907908092856e-05
-2.264648223049339759e-05
-1.161686277231857036e-04
-6.639739741369823087e-05
4.055209066992260421e-04
6.906244183847768357e-04
-5.027715946305612088e-04
3.308183193006434264e-01
6.857552729601772423e-01
2.237923036341026517e+00
3.790188820400480108e+00
2.646409024079049210e+00
-1.046263083637458645e-02
7.233295577350830341e-02
9.398351918780624148e-01
5.818942063535245124e-01
1.303282095046742195e-01
6.466401194627554617e-03
-2.937980554670585262e-03
-1.818634255032144020e-03
1.475196889427820082e-02
-6.898327388419018408e-03
-4.114221225054936863e-03
2.226932277806729574e-02
-1.011127878928301353e-02
-6.266366390767962903e-03
-3.946479134403098332e-02
1.788207962469375717e-02
1.097168794525725175e-02
-3.007252505441930165e-02
1.465500500922606829e-02
8.782181957525598756e-03
2.749016101342153812e-03
-4.447762259783992998e-03
-2.392299737799815241e-03
3.206313458921126059e-03
2.338657247051185127e-03
1.162159745547569492e-03
7.487415686340563245e-03
8.201696360194785096e-03
-1.501261261026273558e-04
6.066942771401425023e-03
-3.080078860599037328e-03
2.580385591546170351e-02
2.126607987111043402e-02
2.734116335824658423e-03
2.005898631277076502e-02
-1.185351182437043190e-02
1.161846070230774207e-02
2.312196259631905601e-02
-4.944531027015312136e-03
1.105003394044652004e-02
-2.173519742551937098e-03
-4.998789309026988037e-03
1.044624493083755497e-02
-6.651790287642417136e-03
-1.762611054670711616e-03
5.252477646633282697e-03
1.188024883157247618e-03
4.940245834661533691e-03
-3.932032495880160086e-03
1.021236775355850940e-03
3.523446841094284455e-03
-4.032631513446988114e-03
1.541572109323205170e-03
9.143175485596189474e-04
1.963025548118510835e-03
-1.971210047480874850e-03
-1.877543535974190558e-03
8.625091911533952146e-04
-1.163085687567086413e-02
2.956793829983751960e-03
3.630947764647219928e-03
4.354512987768495956e-03
-2.933467108120766612e-03
-6.816722578525825221e-03
3.573682195422470099e-04
-6.990029730105725043e-03
2.652231047257597694e-03
1.700254634868834372e-03
3.495949856630527729e-03
-4.421233673481032335e-03
-3.792721805905848766e-03
2.494723335191183743e-03
-1.973063545855252218e-03
1.046050785629578294e-03
8.793424821614751049e-04
-3.223910737513314821e-04
7.194959534431614805e-05
1.125458074925859107e-03
2.524379579964030674e-04
-9.967026071987696977e-04
-1.085123870953446420e-03
-3.297713410551056552e-03
2.128192604901660984e-03
1.327489686244453680e-03
-6.071472532307574822e-04
1.073321340132655025e-03
2.201696853605142681e-03
-5.615157394793873985e-04
-1.459336459579144369e-03
-6.710437327554437436e-04
-6.332761784416202034e-04
9.259125815534905660e-04
3.902542689622663392e-04
-3.281722923030679822e-04
-1.535666697327919838e-04
-3.036999845815006329e-04
6.214049915668228062e-05
4.556875530828187232e-04
4.221451225487776759e-04
-3.813063355937633750e-04
-7.405409352988883949e-04
4.097739198441195663e-02
1.252142196951776532e-01
8.764437242520027593e-02
1.808513642914391303e-02
4.847633111407412439e-03
-1.068336780979267826e-02
-1.245231280792170880e-02
4.549482567826761831e-03
-1.446492384759691732e-02
-1.806286511540133172e-02
3.100396597063156349e-03
-5.111484854350554184e-03
-7.314344817687202203e-03
-1.128605336938196500e-03
4.452905874706451425e-03
1.514673144691785047e-03
-1.623234042471772068e-03
-1.425048903430710390e-03
-1.737161197146987407e-03
4.949511671365763518e-03
3.241143531028035062e-03
-1.623724997466223117e-03
-2.510780030945181530e-03
3.251848858884065323e-04
1.826466913769971478e-03
9.402560416745321973e-04
3.605314009079481504e-04
-1.344155482529246033e-03
1.039105290595217777e-04
6.574609844409354644e-04
-7.543727602845444209e-04
4.161627745638178606e-05
3.978900935379102465e-04
2.440889687094774862e-04
-2.234692369684881919e-04
3.146516200935027432e-04
3.135935846320796498e-04
-1.077128183252127995e-03
-2.727177241125165416e-04
4.054815623864678150e-04
1.461872154601308879e-03
-5.098427356901359155e-04
3.092901393378733944e-05
5.387114576592822258e-06
-9.672526931936371907e-05
-7.546617663235405979e-05
1.546153873664759279e-04
-3.152577263054131586e-04
6.779291192264377981e-05
1.252835058431978814e-04
-2.863579787394203977e-04
4.103649299169595532e-02
1.237808923458394023e-01
9.624642173095521169e-02
1.666782311224345239e-02
-5.035439871146255887e-03
-9.103046046322947268e-03
1.263074497016501534e-02
-1.087303826553258704e-02
-1.314099955353382164e-02
2.007313521269778536e-02
-2.940733853184555619e-03
-5.791349014527226967e-03
1.125315642383073293e-02
1.771618063281992037e-03
-4.287470516775194508e-03
2.262132704418647576e-03
-2.614603132673993819e-03
-9.760069280651247157e-04
2.623433344588011005e-03
-3.556347455683603765e-03
2.003204987040531522e-03
-3.348409161638945392e-03
9.750138152091821116e-05
8.099110394071767048e-04
-2.303348338990068422e-03
1.548958710846609242e-03
-1.192376619663542466e-03
1.466403794304908434e-04
2.824669015592589519e-05
6.404926865267926558e-04
-7.793695585364568022e-04
2.210355029651469758e-05
-6.289599762455358066e-04
-3.201924210072033426e-04
2.346957719924244561e-04
-7.076332770217628890e-04
4.852419876577392013e-04
2.359818564601824878e-05
-1.794672970089573264e-04
1.093044128429004051e-04
1.143081275413529712e-04
1.086641121038397898e-04
1.739903398409644306e-04
-5.257048561151600534e-05
-5.621337885429798613e-04
4.844718706943912509e-04
2.708791963681294592e-04
3.087820618262802192e-04
1.065466733873775626e-04
-2.778309616603185576e-04
-1.065193152591595722e-04
4.099929207081152299e-02
1.227708170328788290e-01
8.864425577902552977e-02
2.028098864216971997e-02
-1.055007486184806643e-02
1.138176896453977488e-02
-5.661570286631190455e-03
-1.560629847958041466e-02
1.475687129157713523e-02
-7.573495608452832789e-03
-6.409312528494701469e-03
8.096745835477257500e-03
-3.056416526163883030e-03
-4.095328200409572260e-03
-2.235735134569554264e-03
-2.140731309428046004e-03
2.282947017239180150e-03
-1.025313719813246199e-04
-4.794047695983812314e-03
-2.124852568983771114e-03
-1.065598493502693204e-03
1.938295814374577791e-03
6.241843299970861476e-04
-1.558724589723148616e-03
-9.579844699306587800e-04
-1.018593397415942315e-03
4.070368821052698476e-04
6.762127905751784927e-04
5.831189957354576117e-04
8.543452244354337319e-04
-2.815370752299170207e-04
6.061274802172800366e-04
1.126276208333027671e-04
6.948391372604556255e-05
6.597568116136110113e-04
5.426131176113603788e-04
2.631036252777840768e-04
4.450382310059755012e-04
-5.069737836648916728e-05
3.907958896738335610e-04
-9.585620714491683203e-05
2.282022627670001835e-04
2.325793988579143720e-04
2.031907480411370738e-04
-1.668859970286317189e-04
-3.972318020024939353e-04
-2.456681909776588986e-05
6.638423387689054429e-05
-2.844532029495475166e-04
8.756278943631362816e-05
2.625072273484907134e-04
