1.398891314137143960e-01
3.447539905088353174e-01
1.150518224194762684e+00
1.818764031855354624e+00
2.182023100519348446e+00
6.299578986367503353e-01
-2.084611622289419264e-01
4.005344808397722223e-01
4.023044316503147644e-01
-1.190795585134827011e-03
-5.913544942498842822e-04
1.358181522196420354e-04
-1.140844467159939655e-03
-2.298250026795831125e-03
1.197444679855130291e-03
-4.962015317934530441e-03
-4.101613097601190631e-03
1.354945063568381439e-03
-8.256620088248085160e-03
-5.731438314530069465e-04
5.297622707432163942e-04
-9.205168446053155033e-04
1.101165693415653152e-02
-5.515110879259159556e-03
2.131371873925925683e-02
8.776856021339294461e-03
1.484415165205457167e-03
2.668798133374457662e-02
-3.448029547152853865e-03
-4.312611571485398441e-04
1.261217502825383134e-02
3.593689780170222054e-05
5.073702228420277514e-04
-3.364799693389092586e-03
-2.861871240163006876e-03
-5.109606397200868811e-04
1.427388703475563963e-04
1.739397305081252527e-03
-1.143801152139251737e-02
-9.035336629280408746e-03
-7.902731014916166254e-04
1.158308907581262351e-03
2.684160364202770044e-03
-1.994636472500789515e-02
-1.706844247841800277e-02
-2.821894414252861753e-03
-1.823137107404647307e-03
8.476321948569839199e-03
-8.466990282636201529e-03
-7.468088081977464210e-03
-1.019329981602961309e-02
1.454741375301347355e-03
-2.087743559868651417e-03
-2.664001184245127878e-03
-9.567500664134146165e-04
-2.014994047485636937e-03
-1.360117444488628639e-02
9.544927064176164308e-03
2.636356072718365907e-03
-1.400207547169769751e-02
-1.544101758019338771e-02
-1.478779945678052044e-02
1.238159004404427131e-02
-1.668893693780830467e-02
1.116387228289508066e-02
2.602838515272399081e-03
-1.938085150684534103e-02
-1.876520850440170640e-02
-1.974110345306144543e-02
1.420978146925898182e-02
1.294731604329696665e-03
7.976678480596162977e-04
2.343768211915732338e-03
-2.023232494143594341e-03
-1.982441572034943002e-03
-2.422283189025652237e-03
2.467047921461333441e-03
-3.226706720837190911e-03
-3.315967097094765347e-03
1.586369511450413505e-03
-1.983474147797920431e-03
8.017153144768104141e-04
5.826424951931080155e-03
-1.368513836810380559e-03
3.321034670449357108e-03
1.907899266080201718e-03
-2.248654635409780885e-03
-1.311600528404585067e-03
-2.536849352936209321e-04
-1.627389546676760420e-03
4.980578079406382122e-04
3.655216983675675397e-03
-1.487422795542162708e-03
2.476773845079415122e-03
1.613871407170446026e-03
2.783948596040816052e-04
-3.169973933859893117e-05
3.121980975494850047e-04
2.546089993652182640e-04
2.027987930724052383e-04
-3.400048632351514166e-04
-1.633259544402169364e-03
-8.063827162843536806e-04
-5.757960344324467901e-05
2.851519518150518861e-04
-2.757968507773644385e-04
1.405510178765687068e-01
3.436499399813722211e-01
1.153858351735731924e+00
1.817870501214070122e+00
2.190791335506327098e+00
6.257954886418769513e-01
-2.097423034579454504e-01
4.127869108013260124e-01
3.001543416259297992e-01
-1.085279692435769765e-02
-1.598933179525921337e-04
1.397005294613439159e-04
-3.273260478548099836e-06
-6.738721983944637823e-04
4.809751352939819861e-04
-4.821822844891818314e-04
-1.176543797095715767e-03
9.484830860826169111e-04
-2.449248163797899838e-04
1.433081801965418827e-04
-1.179562145261657730e-04
-1.985386266833492593e-04
2.572204921938272930e-03
-1.618323903050066870e-03
2.654868559933152693e-03
-2.165963015754939370e-03
2.206963944137131043e-03
-6.580997856532017076e-03
5.184398493861915556e-03
-2.959348544169311274e-03
4.985854705235721884e-03
-2.632341684400322287e-03
6.411430241136789870e-04
8.860739382010843386e-04
9.205404903076714902e-04
-6.289558754632331014e-04
-7.824927660658771364e-03
2.121327608379326626e-03
2.359678097660570639e-03
2.335643082628179566e-03
-2.270535194051445226e-03
-3.443374096046085409e-02
9.685008411954874885e-03
1.511493141009205565e-02
1.321536735341988580e-02
-8.432274338151139054e-03
-2.095466037060418618e-02
1.238932954514791913e-02
1.084869842818847810e-02
2.678498731471453797e-03
-6.555090637902442202e-03
-4.784897308589138813e-04
7.286883413158088546e-04
-3.057223502107885189e-03
-1.604230251105490243e-03
-5.915823139702722005e-04
-4.863754611479305205e-03
-3.097737941146101737e-03
2.189354240438599539e-02
-7.661012791548051093e-03
-2.078816672020563153e-02
-1.038489656457226330e-02
-7.240751953558106739e-03
-7.451218626560593243e-03
-3.074185901183105248e-03
3.309913978263649692e-02
-9.981759642464893556e-03
-3.134704743118505582e-02
-1.488335708584417189e-02
-1.150033476817036333e-02
-2.154217190493902274e-03
8.818041310678939810e-04
1.017398533053286667e-02
-2.305105299202200235e-04
-7.383996847343943584e-03
-4.149744798426623776e-03
-4.458223216739842093e-03
7.877452164044629942e-04
-1.364699833223370542e-03
-1.119213173498613241e-03
6.267279812362699628e-04
7.771833302571711953e-04
1.595429311583164639e-03
2.438739002466788874e-05
6.022437201985905708e-04
-1.555894996364383734e-03
-6.087473715114270680e-04
3.170005118600541732e-05
-1.907226338147832148e-03
-1.040552612897374489e-03
-8.473719570093708135e-04
1.851434610520474129e-03
4.074543267882953907e-04
8.762852035916901408e-04
1.172865993348914341e-03
1.290687247977199753e-03
2.437596451244808762e-04
3.309525372665906174e-04
-4.785683263708769280e-05
2.815833944282300039e-04
-8.210236109552242808e-04
-9.778155638945689940e-04
-2.053127245286995653e-03
1.298553272506779111e-03
5.836457180435227930e-05
-3.063018737788401153e-04
2.772467762575744343e-01
5.378622256314692374e-01
1.735952168887617608e+00
2.916987482681631327e+00
2.263281788327788036e+00
1.846355440899212219e-01
-8.909120244939214284e-02
6.123322516365449220e-01
4.972746943206641790e-01
8.921318851064963251e-02
-1.138957175239767696e-03
1.152893075037013599e-03
-9.881609732274507490e-04
-2.860145447493620419e-03
2.339406128955742823e-03
-3.359487368737103328e-03
-4.522015368104409690e-03
4.477125857052999952e-03
-4.083634661842570381e-03
4.423451258512551762e-03
-4.365132938422331028e-03
3.096965809394828205e-03
1.380430367601021523e-02
-1.359105614695915384e-02
1.196577583589730591e-02
-1.328191286823447899e-02
1.299392027495133509e-02
-7.981735652368187467e-03
-1.284434332902182826e-02
1.522005863733103329e-02
-3.648749448896856928e-03
5.666362810388480588e-03
-2.023213497323912355e-03
-1.590759598772499865e-03
-3.151537278021020964e-04
1.608136498266888063e-03
2.217407394601403695e-02
-6.533810605246246489e-03
-4.793401730447781339e-03
-1.982613363275106868e-03
6.214016654049418081e-03
7.080463956666523291e-03
-3.216540527196012911e-03
3.889542732859555332e-03
2.684917489344738114e-03
2.028846506650115473e-03
-2.048849834362114278e-02
-3.046529753522364374e-03
-1.300972198427583805e-02
1.709573197233957721e-03
-3.723158547390179041e-03
-2.938081361511963533e-03
1.857698427920112451e-04
-9.262670104488647527e-03
-3.338245409214702589e-03
-1.908934845694850021e-03
2.131905338878644675e-03
1.776801558183323942e-03
-1.553689761025450061e-02
4.160543807904885406e-03
1.275944621697012137e-02
5.901429722755612874e-03
2.194709843030547263e-03
5.112876525028344291e-03
3.307303236851257509e-03
-2.856328498193417414e-02
6.416212483088560604e-03
2.296613502198851728e-02
1.051468074107803422e-02
6.886384699779024392e-03
1.828893926020972848e-03
-3.893653879145379283e-03
-1.527012971575096231e-02
-1.764454344530948411e-03
1.045281314537879411e-02
2.932667364635870889e-03
4.254192114054098153e-03
5.939686555650378584e-04
-6.124093805081003540e-04
-2.670781256208430260e-05
1.255734934594529692e-03
1.177442720480783656e-03
5.918530878429932823e-05
-6.048900596018966236e-04
-1.791254774880329489e-04
-1.485646114332121216e-03
1.056460769686467941e-03
-1.812369168682559980e-04
1.742174608773286752e-03
1.046008491861197785e-03
2.437523688169828447e-03
4.823107261260327914e-04
-3.220047414335787872e-04
-5.471763810404556110e-04
-2.763042598351676208e-03
-1.288477683637187553e-05
-9.250636503108024440e-04
-1.137611704075325780e-03
-9.993426918533873660e-04
1.428873848155739860e-03
-8.700320882203927634e-04
-1.549434902314805480e-03
-3.320581094324682797e-04
-1.816947760196282406e-03
-8.471458494347186303e-05
1.926555952135593935e-04
2.772993093739032910e-01
5.370957083560707890e-01
1.735829576225687232e+00
2.914193064168523861e+00
2.264084534553072903e+00
1.832661356400898389e-01
-7.595381445297506862e-02
5.746751965983810662e-01
5.382054086389072012e-01
1.167507742553702127e-01
2.440571934342809063e-04
-3.840109243904474929e-04
-7.086647820860862311e-04
9.233466736834061717e-05
-6.405451043595983697e-05
-6.142356813796671835e-04
8.467708761937337231e-04
-1.386765727107513611e-03
-2.848139980280658696e-03
1.098370860016114166e-04
1.312387752823507454e-03
6.620022567889491220e-03
-6.386876646645854583e-03
5.210192049958480703e-03
-4.784712421828683088e-03
8.018851767245444712e-03
-6.174679126792371499e-03
5.442852794962245097e-03
2.439765484875225463e-03
-6.486167263554175159e-03
-5.826854167223951934e-03
6.613174144278032539e-03
-2.382386836515620020e-03
-3.513279814299742447e-03
-2.580780582468699541e-03
2.212245142046222711e-03
2.403974271324525389e-02
-9.834543584037231181e-03
-1.420141711099017802e-02
-9.253678129441897729e-03
8.304284432214160613e-03
1.125349768990590096e-02
-3.677284571272466680e-03
-1.171756364064806960e-02
-8.100027853346613085e-03
3.185727499004628160e-03
-6.648852727380831149e-03
1.037327451899081564e-02
2.098018264675677660e-02
6.200777996589678168e-03
-3.435913933523119992e-03
2.815724206516867761e-03
1.788340267971846561e-03
3.479429234969339153e-03
3.220868474954871109e-04
5.853513137779090512e-04
3.698353097534927327e-03
3.662957642732559988e-03
-1.043128706571937875e-02
6.209287683543921084e-03
1.050433181239217480e-02
5.130053764295103638e-03
6.141592662820411809e-03
6.186063253040344212e-03
5.990582877554447017e-03
-2.728207555882812899e-02
1.730859092527535850e-02
3.116812448034037702e-02
1.521010393768588986e-02
1.154948090244780658e-02
2.681269588777302100e-03
2.568371678467890225e-03
-9.603736738400859424e-03
7.138215583840548661e-03
1.153616438038119855e-02
6.146050773339496731e-03
2.406959599891061487e-03
6.730702219618710886e-04
-1.548798586483097432e-03
-1.495140272782545521e-03
1.572852253025326186e-03
-1.817706950610840900e-04
4.058173914920844044e-04
-2.291633418480833976e-04
-4.358442909221457587e-04
-1.245409613940644039e-03
1.408607353755184956e-03
-1.665634373833380956e-03
-3.024612465015103120e-03
3.466265705590155588e-04
8.846382983315582245e-04
3.816199428621930637e-03
1.178270681786876229e-03
1.488955152678065426e-03
-9.040142167371361271e-04
-7.503312372653604852e-04
3.511194462934790443e-05
1.631604894205494196e-04
4.905794244508698441e-04
-2.301399238884548081e-04
1.529456031078348880e-03
2.230644714075252430e-03
1.809742949586272279e-03
-3.793666063860655596e-04
-2.543994017974411724e-04
-9.276786498198031684e-05
2.773199724187084270e-01
5.369629577230894402e-01
1.735732055986919375e+00
2.913789941775656978e+00
2.262975557809687732e+00
1.849143760557271088e-01
-8.437511741037007074e-02
6.008556069266431932e-01
5.208709874481369795e-01
1.146068732000657536e-01
6.357619118795734652e-04
2.382071553501003151e-04
6.378721161156893776e-04
6.779802663524947580e-04
9.264936035987797035e-04
-2.695665580847708340e-04
2.474009362104798940e-03
1.091721448730857517e-03
2.306813594282938404e-03
-3.330477087915637534e-03
-8.399082566929149665e-04
-3.975174262125093921e-03
-4.059570427368292857e-03
-1.823444385556593399e-03
-2.175481417275284147e-03
5.305632956375356743e-03
-3.978587134598100469e-03
4.500895335928449537e-03
7.727461159568932425e-03
-4.499958133414015161e-03
1.322294843489553971e-02
7.211624031023236743e-03
-2.038097850412821325e-03
-3.898658105866230003e-03
-2.489849495225359560e-03
1.490818372924623565e-03
2.531983561073447922e-02
-6.154340037623592941e-03
-1.521905188759520820e-02
-1.050521837942356221e-02
4.802111749442819835e-03
1.095648799037465988e-02
-2.872169284287397813e-03
-6.856014138296982925e-03
-4.713375097764717879e-03
1.886196846565510541e-03
-3.616286625121057589e-03
-2.005888817517858906e-03
1.392348639056816342e-02
9.673764049403191234e-03
1.159562990179717132e-03
3.232168895228720255e-03
-3.437822969181922751e-03
-6.653711611884117897e-04
1.403483928382763318e-03
1.516851084277564795e-03
3.769308323651202487e-03
4.569989759353623379e-03
-1.456647426853294180e-02
3.958234635316962811e-03
1.257822936134461028e-02
6.171403953930138658e-03
5.628116298078177440e-03
6.359017855155474873e-03
8.155454436130867013e-03
-2.778385990954980456e-02
9.071609165132672736e-03
2.603703559018867922e-02
1.267077360785600314e-02
1.012540406496172628e-02
1.592591387175621397e-03
5.012128208428796817e-04
-9.525688698159064452e-03
3.044957662376416348e-03
9.641210759502151159e-03
3.759827031903210850e-03
3.027644148984731578e-03
1.079490142409364256e-03
-3.140061070368735884e-04
-1.109541188872372732e-03
-1.818884476698354234e-04
3.872376149988285212e-04
1.545028943900580466e-03
7.930878030113948374e-04
1.087699918243932628e-03
-1.203664926807054836e-03
8.860816404700105117e-04
-8.070420813560634900e-04
-1.982222356952391754e-03
-3.901344503811807299e-05
3.342500742425907737e-04
2.005908335181205530e-03
7.824818457213783638e-04
1.106877492600538519e-03
-1.009067145077234291e-03
-2.821222128138892258e-04
-1.107359725213133070e-06
1.392077046119193724e-04
-8.619834019241723062e-04
-1.760728863626098836e-03
-6.267857736568325372e-04
1.142951142421475561e-03
1.080600924008271293e-03
4.122588294124879455e-04
7.439260418519116989e-04
2.447365302947896435e-04
3.392793306575938445e-02
1.046362678711931504e-01
6.428984848295041243e-02
3.113965147749621354e-02
-7.815065457182192657e-03
5.767190419860486819e-03
-1.734165649749497620e-02
-1.472041036130821226e-02
1.323978901933632255e-02
-2.960905917175911048e-02
-1.291995478684917695e-02
1.709901633196242443e-02
-1.189889118716132808e-02
-1.396180653624712418e-03
-3.472279203945808582e-03
5.416966366148009103e-03
4.674021053940294497e-03
4.680808274083405772e-04
-3.608518727433194205e-03
-8.084007489058218227e-03
5.397319359800735461e-03
8.335440177868134667e-03
7.552681859038491924e-04
-6.281892381018470105e-03
-9.654488959042081125e-03
1.147952286952259957e-03
6.876142370410550340e-03
-1.397316818654557998e-03
2.005802102808799286e-04
1.448710915041012334e-03
1.650184071323939012e-03
-7.451968242828726965e-04
-2.082489704573397757e-03
-1.682614001796535550e-04
1.434393175216916450e-04
6.305530283723721112e-04
2.012656696071887449e-03
3.069020126817158332e-03
2.737848372145747461e-04
-2.598784876771863261e-03
-7.686364185221812714e-04
-6.931908188913935465e-05
-1.651499721756080593e-06
-2.834742465251150769e-04
-1.022876221148168391e-03
-5.519474408600557160e-04
-8.934313663187108028e-04
3.835141755002775062e-04
-3.062728023850186821e-05
-4.708702579211077803e-04
5.206414426228148426e-05
3.797300511390101774e-02
1.220786714075179080e-01
7.211215714005350663e-02
9.887875875753243324e-03
-5.988069387518071829e-03
1.335150066451054954e-02
1.794113174881155001e-02
-8.401109322317867195e-03
1.784781375731993996e-02
2.272694780131151795e-02
-4.673225432505335834e-03
9.327380079795636811e-03
8.246817487644999070e-03
-2.242195355461986447e-03
6.765446669812464654e-03
4.013233501591156362e-03
-2.846058807478498397e-03
-2.026198409425532428e-03
-1.941491565511050147e-03
7.257514891913580818e-03
1.461563837480784516e-03
-4.334313560906837698e-03
-2.132268482743026640e-03
-8.038681290723655431e-04
1.702255210840332347e-03
1.190321749533801605e-03
-5.528585489905903311e-04
-8.676522431526373542e-04
-2.246796307809872928e-04
-1.592496983197301671e-03
2.296366060437666796e-03
-2.928055111835007338e-04
-1.039870819747300886e-03
-1.235792988372106911e-03
5.286755548552079381e-04
-3.248022788940095151e-04
-6.737714207946358816e-04
9.997907722695039551e-04
-9.737202116347542851e-04
-1.369004168447858147e-03
-8.746197225706928233e-04
1.553309669521781499e-04
-5.680740515079854406e-05
-1.070884295744743285e-04
-4.342662679714159369e-04
-2.573783019025827889e-05
-6.983244705834757825e-04
-4.433579831666335184e-04
-2.220529601362941814e-04
1.065287275598348553e-04
2.558677437835029495e-04
3.846766499439525228e-02
1.240702957434536569e-01
6.825841265928880852e-02
7.366201838123918530e-03
1.399411055276299221e-02
-1.799325954205802450e-02
3.292711419423668354e-03
1.541265361478587510e-02
-2.176828492475071236e-02
1.820715588036638357e-03
4.723823845531363065e-03
-7.349880910705253005e-03
-1.746641606651801876e-03
-7.251186774551419273e-03
-1.838811430546086288e-03
-3.949488323619822043e-03
1.439379219499179212e-03
-1.726012176392957391e-03
-4.771629533723187495e-03
-7.680120124381008880e-04
-4.685797001197373156e-03
-4.640256810274056014e-04
-2.200666922219143059e-03
-1.414948200041289596e-03
-2.394122884593628592e-04
-1.083649865830845719e-03
-2.474053515627021478e-04
-3.013431690489471273e-04
-8.308471534488822991e-04
-7.489724600603398516e-04
1.332982507910129670e-03
-6.359066171199226477e-04
-1.086838795004053384e-03
-2.139066301166336567e-04
-2.161565446408149436e-03
-5.828203985828044910e-05
3.249366634339711515e-05
1.540594537857986395e-03
-2.907648187365981544e-04
-1.073621718235093659e-03
-8.396324836448370568e-04
-5.098455683907448252e-04
4.386787998134932301e-05
3.056561088432934977e-04
6.244762637794678889e-04
2.455296607864879458e-04
4.553134334749517299e-04
-1.041182554101458002e-04
3.301598937349213103e-04
-3.377958895972901473e-04
-1.218646984664164564e-04
3.788040650521203034e-02
1.219684372370742342e-01
6.978721378674239417e-02
7.528759996680269018e-03
1.432458901814362071e-02
-1.759402594794373317e-02
2.794226234415823473e-03
1.770711450722912278e-02
-2.149617031053385405e-02
4.671902760270194369e-03
6.548544741769624783e-03
-6.842554068005157752e-03
2.497504617098415987e-03
-7.459057260520609266e-03
-1.373940749540340312e-03
-4.264485936012337233e-03
1.155314897513852034e-03
-1.621377647060482470e-03
-5.299842344779467918e-03
-2.850421582890340279e-03
-3.900831435564129038e-03
1.641865182856330502e-03
-7.909766485827040205e-04
-1.452258806120471047e-03
-3.514920504601244840e-04
-9.166100182907405526e-04
1.522882948371602908e-04
-2.097299434715067551e-04
-1.100254127179132405e-03
-9.532797348138289436e-04
1.252793305836346141e-03
-8.339049958994008190e-04
-1.121329888253510794e-03
-1.835866296448019144e-04
-2.083592056622470597e-03
-3.529205469545707214e-04
-6.828739337614497459e-04
9.981360428178763598e-04
-7.555310549680831862e-04
-8.200660848591450388e-04
-6.906074369276844456e-04
-4.059553495913897979e-04
2.868247811190261540e-05
1.289525053715047300e-04
4.914699564996985849e-04
4.035288560942190640e-04
2.708980463404537121e-04
-3.317630471692235524e-04
3.974131062649531473e-05
-3.144300937630545409e-04
-1.264390929997867726e-04
3.787171986381360905e-02
1.213494643567933212e-01
6.475050876753488116e-02
6.888117836740989021e-03
-5.816608085588508524e-03
1.262306320246274483e-02
1.871550903988894801e-02
-5.438344859845814679e-03
1.317857290534448986e-02
2.167726755442820480e-02
-8.247836312046832961e-04
3.052819123726014262e-03
7.372610299312268474e-03
-2.053209466426218679e-03
6.783426393483647961e-03
4.271271039952360959e-03
-3.106135253137140909e-03
-1.794702195668873915e-03
8.090847017595092616e-05
4.458820882466273290e-03
3.908639952632673477e-03
-2.053271795676238180e-03
-8.748415437517329928e-04
-1.075831882609992816e-04
7.164238672394500611e-04
8.705987389348293290e-04
-3.324485848233862777e-04
-1.371017364028061800e-04
-1.174951105656166521e-04
-1.037445814076034568e-03
2.453003370711660195e-03
6.035544293445360134e-04
-1.105671470740966734e-03
-1.110687879500590371e-03
4.069799243086156702e-04
-3.041381161542400561e-04
-9.660833268931089493e-05
9.938636715602730976e-04
9.691115056524085200e-05
-8.347672955887225918e-04
-2.001543725231485539e-04
-4.043941829404220658e-04
-1.968665969343014633e-05
-3.170376144133670471e-05
-2.150141132671770216e-04
3.660565625464598473e-04
-3.019038419211243014e-04
-4.513569536180043118e-04
-2.164409585694077227e-04
-3.082380385688916265e-06
1.859048514428607974e-04
4.060129645305555340e-02
1.256244051386971039e-01
8.416921573235035259e-02
1.116588739294676301e-02
3.763759518719284199e-04
-1.560062165715271967e-02
-9.420584126823235149e-03
-3.113560943771146762e-04
-2.048172489490744999e-02
-1.237290163525284897e-02
5.220182707176114836e-04
-3.773823553789392208e-04
-5.632933131210900342e-03
-9.810240390949073698e-05
4.691590946244342253e-03
-8.086762416609070319e-04
-2.729643497149106192e-04
-4.160721973190896830e-03
-2.400636464746894769e-04
3.796585296869573085e-03
-5.089717921098518751e-04
2.189298961494458057e-04
-2.482860937631249480e-03
-1.730345337317910198e-04
1.119375621577088474e-04
1.064340726707846668e-03
-3.303315951735048871e-04
1.437835539520573120e-03
7.943258881058294597e-04
3.912698365760443874e-06
-6.411164851393913390e-05
7.039709582094277624e-04
1.476732566160108781e-04
1.102891453428645700e-03
-5.379011509192364708e-05
-4.311693563341983861e-04
2.844689868842959239e-04
-2.157977787003386881e-04
1.963321260370158832e-04
-2.744422548802402445e-04
-1.494722652330814506e-04
6.747396952116450528e-05
-8.729871778787364346e-05
4.122982354528726009e-04
-9.552771567991990404e-05
5.129675591820809932e-05
4.572184683372803736e-05
2.070104100119437608e-04
3.059051878734444824e-04
1.141756089248008787e-04
-3.128564841655248662e-04
4.034418264867012383e-02
1.229053632412191177e-01
9.442783140932982378e-02
2.195771819222750235e-02
-1.727734438349534662e-02
4.390474932547478587e-03
3.973430826376643781e-04
-2.703969078590623756e-02
7.999757216456003864e-03
1.762679319094691928e-03
-1.265655191496416893e-02
4.566620652846780509e-03
-3.327698854167739171e-03
-2.729237979699213491e-03
2.251574950020625049e-04
-2.932616975485483491e-03
-8.764755606968437042e-04
4.711036851109103377e-03
-2.831382791180172501e-03
1.570310666224563256e-04
-3.845470697361113872e-03
1.044929166674157627e-04
4.470146234868097555e-03
-1.629879714504441166e-03
5.662877366615883456e-04
-1.767556319271722221e-04
5.589897883152181949e-04
-2.680120249478407579e-04
6.139738577715388819e-04
-2.137849125848079992e-04
-3.669366766261410195e-05
-9.092666504165224442e-05
1.041247693761603640e-03
1.956645462690388628e-04
-1.039062952504476870e-03
6.620600782546342319e-04
1.963437925603645059e-04
-7.295498982856613674e-04
-1.284493647936460177e-04
2.695230566609969403e-04
-1.999668391127446367e-04
7.076345660333101294e-04
3.859867097852583465e-04
-2.317663265378399565e-04
3.362179379400304492e-05
-9.548815188079159879e-06
-3.048347364900817053e-05
1.447294333215986986e-04
2.435111249175788241e-04
1.376329504433219724e-04
-4.091478453655317043e-04
3.987026656648875317e-02
1.237712599664615443e-01
9.289692586565961863e-02
9.714722322906743299e-03
8.307720514884273447e-03
1.217160443433307725e-02
-9.463625219206666522e-03
1.150050442419540964e-02
1.906342878499698787e-02
-1.548978301589392162e-02
2.693970074620371689e-04
1.015275937978865617e-02
-3.290508451695254265e-03
3.634519612208716131e-03
-4.011357598608196115e-03
-3.061964084915907666e-04
-2.876412438911486649e-03
-1.278194875388582227e-03
2.376627818089796507e-03
-4.002371526747153935e-03
-3.023615582736119238e-04
-2.449695481820721339e-03
-2.257245366914122520e-03
-1.113116747964664312e-04
-8.795509691561340278e-04
-1.082594147976200395e-03
-1.203235623749896143e-04
-1.824259932753859561e-03
3.015451347614449642e-04
-8.895881632014527533e-04
2.962553116135302695e-04
5.181893770898024802e-04
2.694437233318330849e-04
4.028123973310617748e-04
-7.129135453237775855e-04
-9.973516333206498830e-04
-3.310917528585031241e-04
-1.384265955956226317e-04
5.582476468041059313e-04
2.483747957863241432e-04
8.724335062268686789e-05
2.326212180388481741e-04
1.095632042516299809e-04
-1.573488933077648606e-06
-9.026230661225003186e-05
-8.941338664510848700e-05
1.782016488149541658e-04
4.280151017961800609e-05
3.054668813391260888e-04
-4.761366352423977970e-04
5.016688441741320005e-04
1.401821517854825450e-01
3.442903852687563826e-01
1.151895674539043402e+00
1.817906460405760205e+00
2.184586004438351825e+00
6.265217334422279460e-01
-2.037392051215771438e-01
3.888194797974168226e-01
4.032274600671658105e-01
2.868323869614713972e-02
-1.747647305716153252e-04
1.267816195375394254e-04
-1.435691419312576204e-04
-6.355069661082549028e-04
-7.530890895602717142e-04
-9.647667002758053323e-07
-1.704617003325189801e-03
-2.695827951210568135e-04
-8.389681859845047555e-04
2.102793792798193350e-03
5.379070233968102173e-04
1.311610628148690127e-03
-1.725144333934492758e-03
-5.568605433530789519e-04
-1.152743825814336529e-03
1.637060410224915963e-03
-5.923997394760099032e-03
2.811299714100853279e-03
-6.304965793304598276e-03
3.538827637993531734e-03
-8.082384352023758416e-04
4.811801363283699229e-04
8.203869817981191380e-05
-1.476477294490105173e-04
9.885274002951453012e-06
-6.341195280076328874e-05
-2.265379219604037628e-04
2.400864191021747902e-04
1.789696774285930636e-03
5.593528541158539376e-04
2.642368777869836117e-04
-2.879661028799119279e-03
4.441202196255939665e-04
1.814391882865366151e-03
-5.042180707955783700e-06
1.042888392559829323e-03
7.360791514908851876e-03
-3.611979001560164295e-03
-3.910041831251966082e-03
3.115452234850084258e-04
-4.218583718782998107e-03
-4.253591722877202549e-05
-6.789209148873798965e-04
-2.860714427617267862e-03
7.204743915632679484e-04
7.543337745550451456e-04
1.120724037119728497e-02
1.734880201401021787e-03
-2.318544036114866119e-02
4.764660199528163512e-03
7.221943896203610221e-03
-5.337074259359712988e-04
-1.340389539425505643e-02
1.796674725181972646e-02
1.239970959239354359e-03
-3.522681309716781811e-02
7.248113364276037758e-03
4.953408562511992137e-03
-1.667874824687476474e-03
-2.250243727395506363e-02
3.999090758961456465e-03
2.453001538104414877e-04
-3.679096792836522752e-03
1.277935196042455281e-03
5.959199973794406316e-04
5.573580799712703681e-04
-6.399319751366601416e-03
-3.961679429955051665e-03
-1.325365468751013272e-03
-4.594499777180404386e-03
-4.277038161609032188e-04
2.152314353163994366e-03
-8.860690294102367952e-05
-5.612015927779019989e-03
1.583787034711813414e-03
-1.453260267387929778e-03
-4.226988181152004954e-03
-1.238893145034096303e-03
-3.329245104184789042e-03
3.080294148203534428e-04
2.547392280590165788e-04
-9.294054129271444187e-04
-4.163247899264196222e-03
1.684302364558801050e-03
-2.732704604579908134e-03
-1.151577181558094930e-03
1.065613922353241477e-04
1.269340204059197261e-04
4.635634575647120921e-04
1.389582111708705754e-03
-6.179094503002267218e-04
8.240347209996179379e-04
1.609762801453804026e-04
1.325143102315013213e-03
1.816839587162800583e-05
-1.890480624989871426e-04
1.422963060015980108e-01
3.400611332587314961e-01
1.161227970354804295e+00
1.810217590186251613e+00
2.203457109904858324e+00
6.158582256716578218e-01
-1.911259719602643459e-01
3.631738970068191796e-01
3.456321146991768734e-01
1.036528278019071408e-01
-4.411436267337406577e-04
-1.989525555740741204e-04
-2.815200593800547485e-04
4.795856002224937065e-04
-1.706576644523346274e-04
-5.212782685042344905e-04
-1.689227419081726746e-03
-9.051169599748279003e-04
-1.739931422426660174e-03
1.333082202599606661e-04
-2.635782912105753047e-03
1.394858347964776906e-03
-2.173739169074327508e-03
1.833312760440961205e-03
5.504160975054763188e-04
1.313818798806565616e-02
1.232622812183431678e-02
-5.359207271566114594e-03
1.780124857986346842e-02
1.238134252177409446e-02
1.361208172646258263e-02
3.354525902685230512e-03
-8.390245030670864237e-04
1.659003170906570620e-03
1.575282234170389791e-03
-1.098372778295421404e-03
7.427756477770847826e-03
-9.828424201196062516e-04
3.593228412783336552e-03
3.858155433405223867e-03
-1.981347674488373629e-03
2.919508803589108623e-02
-1.056404725120699273e-02
2.555672601065744898e-02
1.703148080713313278e-02
-8.927773131629512804e-03
3.093640478120160756e-02
-5.712525066632875848e-03
4.123494989936143246e-02
1.726471593380107805e-02
-4.508323949099726606e-03
7.594593488224492261e-03
1.584157892307611146e-03
1.080787386010117861e-02
5.702791294167902300e-03
-1.036114897208106726e-03
-2.151691437129509520e-03
5.510709271148623439e-03
2.423376473864666952e-02
-5.438458906317012939e-03
1.477840190268648810e-02
7.351698128966448025e-03
8.630654115617138883e-03
-4.047460711580181184e-03
1.098069497713178612e-02
4.953410897976553984e-02
-1.171183351711768510e-02
3.354503611846988698e-02
1.311857879671881125e-02
1.670619078621908907e-02
-4.160245896732808258e-04
6.925172596467184076e-03
2.648203985879273720e-02
-3.514870208267876703e-03
2.103132985103748492e-02
7.586385622307600593e-03
6.306459909104976565e-03
-1.359003461788922326e-03
2.531984927388155563e-03
3.827486784829779026e-03
-2.401057339365271406e-03
-2.233276994067317470e-04
9.659226017562835007e-04
-1.364974166580648065e-03
9.699465519139484218e-04
-2.262818949581423249e-03
-1.070463168799415865e-03
1.063769254103188143e-03
9.637935266000405982e-04
-8.028823031459839978e-04
3.380618768098307345e-03
2.267871759141631798e-03
-2.956513118493946882e-04
7.333152422758115090e-05
-3.069745177753054055e-03
1.588708819489605606e-03
3.386217239854792563e-04
1.167647743042443502e-03
1.186835838265572641e-03
2.537512954888577078e-03
-9.373388941475216656e-04
8.784018640064060338e-04
2.573213400662379986e-03
-1.691104628842535033e-03
-6.126475458550124670e-04
1.684611650933768410e-05
3.306275835446474964e-01
6.854008714991143281e-01
2.236469209422160542e+00
3.787598567793788895e+00
2.643831256435063448e+00
-6.390605968824608803e-03
7.211984191690080925e-02
9.399841476986283695e-01
5.926500512730727976e-01
1.354131458193410797e-01
-1.220697951078416514e-03
-3.188995096839775372e-03
6.056710019280565731e-03
-3.269948421054334146e-03
-4.223869997870520476e-03
1.129002919175838351e-02
-4.159633712362217212e-03
-1.133357402501468381e-02
2.128765890515896264e-02
6.865381718921368878e-03
1.994481904905428399e-02
-3.785266843813914206e-02
8.557523697828634326e-03
4.066281271867886425e-03
-1.869934056435624062e-02
-7.108192832707636291e-04
7.028711372246461940e-03
1.063042116369380269e-04
-1.575935479100891434e-02
9.176493338644757178e-03
-1.783184414929143979e-02
6.704537523510098115e-03
7.523946482120435694e-03
-3.308773626391377232e-03
4.703552830245961991e-03
7.208121134388242347e-04
1.890780527432020519e-02
2.582990309788940619e-02
-1.487678611508174570e-02
1.368939511660760555e-02
3.662112542243942375e-03
1.724643990609196417e-02
8.413030428843804379e-03
1.441543806343305485e-03
1.159510061203123700e-02
-1.090337691104920938e-03
3.504554912601925889e-03
-3.668177610590223243e-03
5.119234827732990073e-03
1.766453983562413883e-03
-1.855518161898356061e-03
8.423562660223428769e-03
7.905741002841705153e-03
-4.977046049623025034e-03
-3.426451051016298453e-03
1.391958845387693440e-03
5.346685476817511718e-05
5.342292145741953232e-04
-5.098476085965419034e-03
2.481216783689054253e-03
-1.211342262833340830e-03
-1.999403143635141832e-03
-8.682636583118962653e-05
8.580931610616668098e-04
-4.345078107806067615e-04
-1.360751028779295241e-02
6.984782971321830403e-03
-4.308077301623583315e-03
-3.636313341790757114e-03
-1.151840433577864479e-03
-9.586024131626640424e-04
2.692216708040718817e-03
-4.707061680971474753e-03
2.859257809688459107e-03
-4.075546782030549028e-03
-9.660474067615310760e-04
5.268496060366965449e-04
3.591838212314029831e-04
4.542710682689365259e-04
1.490781398770308274e-04
-2.732419436992367459e-03
1.941058773056038680e-04
-1.019206507140902771e-03
-1.406161877580548768e-03
-5.158629965386455100e-04
1.567087076804612468e-04
1.971530032500940020e-04
3.128686213614693577e-05
1.308113367091498329e-03
-2.911210369184374491e-03
7.399294952226423633e-04
-2.186487221204112732e-03
-1.151837755349992580e-03
-1.053607793325113200e-04
-7.348102661953094408e-05
8.749756256422228975e-07
1.171230700796047135e-04
2.339675448648136590e-04
5.443484949019760082e-04
-8.436675675988912666e-04
-4.353543757672429437e-04
-8.085058994582072951e-04
-5.762274314848600055e-04
-1.513053077212548518e-04
-5.333539248118105104e-06
2.478476307918131319e-05
3.307477157262043721e-01
6.860599013174153438e-01
2.237743840214246216e+00
3.791065092265027303e+00
2.645861458437218428e+00
-9.728634774000200630e-03
6.992626282453304198e-02
9.455544963108540868e-01
5.776313586228470909e-01
1.214802226675059660e-01
-3.858633408293371970e-03
-2.461197709664823471e-03
-6.114357505898880898e-03
-8.041792744821642594e-03
-5.654234459347725825e-03
-1.313958152674918160e-02
-1.333470954515582688e-02
-8.509143116756882202e-03
-2.115509731555112113e-02
2.334367411627000927e-02
1.514582905797427770e-02
3.765346433484283856e-02
1.543393665802859742e-02
1.107317535078740887e-02
2.474092621336621348e-02
2.863731917043045236e-03
1.052627883980259424e-03
3.753567975837446302e-04
-5.540966416306327552e-04
-8.791543292174740752e-04
3.543771661328045091e-03
6.520111220852385300e-03
-9.695608578263794144e-03
-4.256668934586573189e-04
-4.817446151488716070e-03
-4.631789992719990284e-03
1.664086603618719282e-02
-2.982788213396114080e-02
-4.938398678730413979e-03
-1.847361175409044029e-02
-1.372393980281363599e-02
1.974503392229126283e-02
-1.932518545843140215e-02
5.652669333067872684e-03
-3.933368545802481790e-03
-1.060504151320854072e-02
8.506628059252939814e-03
-1.115444114228228813e-03
7.344783074303137989e-03
4.392417191043117980e-03
-3.031982355843463109e-03
5.185052465631894911e-03
-1.550856417196577394e-03
6.285743387951246751e-04
1.204918803928531519e-03
-2.238874080041061525e-03
-8.595725826676658141e-04
-2.552092144665497626e-03
-2.921742739869607596e-03
-6.970027871853488660e-04
-4.022348602421930291e-03
-1.052965377016792893e-03
-2.600310034310846039e-04
-2.336675997151248140e-05
-4.597602531096739616e-03
-9.575919859921146887e-03
-1.224810012047342295e-03
-9.312195519758438220e-03
-3.255511287923271158e-03
-2.133520219559498481e-03
-1.455522042978519290e-03
-4.352187942346825121e-03
-5.482457356640467634e-03
2.868219829534865472e-05
-6.318103799849259135e-03
-1.216391203495876009e-03
-4.484045492511434393e-04
1.569418267294576659e-04
3.345198996840170378e-04
1.594347489156096353e-03
1.688189797386464028e-03
-7.704131633128415060e-04
1.213908513306211209e-03
5.220932530506827880e-04
4.782962361120546204e-04
4.327673998762677577e-04
4.860001286393316583e-04
1.112300954941030642e-03
3.070109879258663826e-03
2.446958285925642483e-03
-1.797335507069576380e-03
2.297397578736646347e-03
1.023781027293577204e-03
1.298280884241419686e-04
2.065752783805747158e-04
-5.013001368939477441e-05
-1.999870190166209549e-04
-4.764564079907907218e-04
-1.084822745070733018e-03
-4.606793925419969799e-04
1.013351806101271029e-03
-2.814209036066231461e-05
8.704152166495410876e-06
-1.945407577052927865e-04
-1.885801088889376754e-04
-3.831620414998794082e-05
4.112285790828369703e-02
1.242614627157965085e-01
9.042049082807042393e-02
2.078199603826705669e-02
-3.774933332843518220e-03
1.017379779725114883e-02
1.306307497624804685e-02
-3.651131793193941252e-03
1.461101952006299901e-02
1.857944605610239996e-02
-2.578990880877807517e-03
6.490520087699820119e-03
5.272794442504414973e-03
-9.406180859714958174e-04
4.681209796242308610e-03
2.399814790630129188e-03
-1.785079379287288822e-03
-1.541134018094077445e-03
-1.491555928464158732e-03
4.607157069571787313e-03
1.465240107695013963e-03
-1.838417469167884189e-04
-2.036069570366297321e-03
4.635635292304772791e-05
8.565906135469854169e-04
-7.217436865497940711e-04
1.509497685905319519e-04
-2.479137532063089514e-04
-2.015662913113605874e-04
-5.406624094383649616e-04
1.123015909561046266e-03
-1.848698906377204768e-05
-3.987671481095121347e-04
-6.934507134283760237e-04
2.701091089424555733e-04
2.346465542106090213e-04
1.155141360143597200e-04
-2.769535252161886042e-04
-2.633190005881699521e-04
5.737053131954202110e-04
-4.553803534370276583e-04
1.141581215204078454e-04
-1.098188063432040649e-04
2.578994288955958696e-04
2.413790714037978668e-04
-3.740037048304897934e-04
2.140018271161375568e-04
1.205052089770712289e-04
1.465697375851170734e-04
-2.427158388993046670e-05
-3.177431091960435886e-04
4.118188129345289050e-02
1.245149105290037361e-01
9.020558708836878825e-02
1.303448173001420414e-02
1.594576288636443892e-02
-5.358646641050675979e-03
1.041562517560731035e-03
2.265779711589564413e-02
-6.518586517477347256e-03
3.435529835560959065e-03
7.316745158665603592e-03
-3.595394596854633446e-03
8.982702642892002832e-04
-3.191871672590794462e-03
-3.118611491807778396e-04
-2.922778316100378953e-03
7.996294636435732385e-04
4.160397490820679813e-03
-1.570892623180076934e-03
-2.074389672222741714e-04
-2.265006897640832288e-03
1.256390051397245642e-03
3.462537183561177883e-03
-1.249759615501264782e-03
7.250134827827837134e-05
-1.264993823593177445e-03
2.603057536304043476e-04
6.064521217177175566e-04
-8.331015043411774817e-04
-1.488162012293620508e-04
3.123620418409776790e-04
-2.500396404519909972e-04
-5.501651731195257968e-04
2.277451186477131098e-04
7.222799378268759864e-04
2.079441702744332793e-04
8.587831099605207851e-05
-4.115765255277850578e-04
8.164146369001818861e-06
-4.261796836417043361e-04
-3.680639003156422858e-05
-1.381411022278226876e-04
5.224090811290196725e-04
2.290215854936760722e-04
-3.736285833626534661e-04
-4.044352099256359019e-05
-2.087523738942459776e-04
1.338570421827703274e-04
1.126030065434028969e-04
-1.295141214218152093e-04
-2.262553740805754298e-04
4.037882304518847221e-02
1.239836781796180287e-01
8.820918133620847534e-02
1.796839714941303803e-02
-2.442183889328416145e-03
8.535938331884153699e-03
-1.451157605539486750e-02
-1.774527901911469039e-03
1.361650098845187430e-02
-1.921968308048654234e-02
-2.294263774003167927e-03
3.689726736084877456e-03
-6.159889936188596253e-03
-3.145089019132044040e-04
-4.445799427939820143e-03
3.115096240799594598e-03
9.013006822608242864e-04
-1.143812439835511672e-03
-1.261453615487633352e-03
-4.575150877289563961e-03
2.708503992709050071e-03
3.869363326341741620e-04
-2.115782241032092802e-03
4.784201244517222602e-05
-8.664902292709264963e-04
1.722144558338634817e-04
-3.697067222298672478e-04
-2.028384670392254885e-04
-1.902264453961838471e-04
3.492806149770101695e-04
1.053813281545859125e-03
-1.764772699759001133e-04
-2.781704368364232099e-04
4.662790497136845027e-04
1.823634139684228569e-04
2.413834311092066180e-05
2.365789072532046482e-04
6.567634112565889914e-04
-3.306551842318286973e-04
2.903064369092440760e-04
8.596842239129268192e-04
1.697249737725530741e-04
-4.581175585226470481e-06
-2.123805795226225133e-04
-9.340571660588704763e-05
1.587389372647109219e-04
2.231171022262366430e-04
-8.963005621355993747e-05
-3.972233924239616814e-05
-1.016172445514340752e-04
-1.241269188950475740e-04
