1.404600127690945610e-01
3.433474154302969539e-01
1.152704885962270387e+00
1.815053025494938632e+00
2.185583434820126847e+00
6.251699102535065444e-01
-1.913963103483258266e-01
3.633552412983143687e-01
4.330541333277537208e-01
2.380121499277326400e-02
5.912618500736512305e-05
4.926007178700154054e-05
3.722332107489379665e-05
8.765927973510533868e-04
1.018532140537617078e-03
5.528798965307867193e-04
4.469550941404495242e-04
3.700620838622255358e-04
2.556237903637358457e-04
2.616235360549285481e-03
3.354719114735666644e-03
1.690058599407349418e-03
-8.654140461637696222e-03
-1.138324821981423658e-02
-6.015751705215283476e-03
-3.346510895573759272e-03
2.333458943495034764e-03
-2.079445862930959406e-03
3.033854247612862397e-03
5.411686875106407231e-03
3.787129288876032226e-03
-9.670595616037556996e-05
-6.426610594418175624e-05
4.707225609257132911e-05
2.633640096017753562e-04
1.960841244797319438e-05
-1.299901289160151777e-03
-1.111184955905976639e-03
-6.241668881370315836e-04
2.099809143580059524e-03
-8.918649037181662978e-04
-3.274144476546740970e-03
-3.205219710902895182e-03
-2.871941313570785907e-03
7.862570419305580857e-03
-1.972704352631135701e-03
2.853787819870199065e-03
2.547759628627180827e-03
5.580607924090785245e-03
-6.759591868261306292e-03
6.176588839610083932e-03
2.047513120417655385e-03
2.424470424433880587e-03
8.015135147533938896e-04
-2.550373584903433723e-03
1.896839879155981295e-03
1.515073864878346485e-02
-5.191987386355583281e-03
1.303066946894071952e-02
8.413597073683137806e-03
-1.014890916880907892e-02
-1.678268316810352379e-02
-5.187901058449250619e-03
2.374899378824719270e-02
-1.306370288245327360e-02
2.206659476263381908e-02
1.761241569787101030e-02
-1.773950963780966672e-02
-2.710744490053915504e-02
-4.594673198499864622e-03
3.858722090171318956e-03
-4.113960837404358369e-03
3.503631395599960448e-03
5.297174624250200123e-03
-3.905390774717246855e-03
-4.448263433448880998e-03
1.058026685288250513e-03
3.526107859803210946e-03
-3.359872248044599909e-03
-2.413481688413568645e-03
6.169322356362440946e-03
-7.120755950712340980e-04
9.208830658063326584e-05
2.718307142407423195e-03
2.249109613787692551e-03
2.996993581691059783e-03
3.982589071496975795e-03
-3.796615459415631551e-03
-2.814488111778148342e-03
6.738073974899129112e-03
-2.368516407225886185e-04
5.346572757012785530e-04
8.752156068974381630e-04
1.411340808651917206e-03
1.462307352925868798e-03
7.072929456821941104e-04
-1.087854919990559506e-03
2.874898289014938689e-04
-4.739700557504823459e-04
8.531447004854267324e-04
-7.315447666595745711e-04
-1.140461346085123182e-03
-1.079283166708468536e-04
6.555145802886570231e-04
4.323217705320713314e-05
-5.009621278400332427e-04
1.400337637263683599e-01
3.444966006633382594e-01
1.151134792914403793e+00
1.818126626676797475e+00
2.182853739291810591e+00
6.281798239274157813e-01
-2.044997897097566020e-01
3.909747092348465070e-01
4.105788907961078760e-01
2.135009883854794427e-02
-7.796831079742089015e-05
-7.587868953162082790e-05
-2.901256483305067848e-05
-3.929870164790091533e-04
-1.951776958580404787e-04
7.850994294013596971e-05
-1.705822294140600561e-04
-2.230630543486095043e-04
-3.110961660309989715e-04
-2.222965120862740313e-03
-1.295132614430067860e-03
1.053154967059968285e-03
7.088455642025848734e-03
3.515651223528858029e-03
-2.533686904279129279e-03
1.914083371252747962e-03
4.083803724165570824e-03
7.464210739253432109e-04
1.263930918382022255e-04
-1.150381550592636604e-03
-1.076226541612927906e-03
-1.312265192062739695e-04
-6.846418121062246107e-06
3.734448876181194107e-05
-5.381179119487433660e-05
-6.670438454883498541e-05
-1.578121955226755371e-03
4.698365691098542463e-04
4.074833567438034855e-04
9.334721259750298561e-04
-8.493815162347838343e-04
-3.534041014594460975e-03
9.840627685014696670e-04
2.426311240905864707e-03
3.667569442707744026e-03
-2.718249364616794929e-03
2.727111200632107227e-03
-1.863979907265437891e-03
-1.271449013389191248e-03
-3.328497836900119657e-03
3.179285566092841450e-03
4.817210923769138487e-04
1.330805982561448120e-04
-2.486503068425405250e-04
1.776668441232008252e-04
1.638744699111464170e-03
-1.728340638048798950e-02
2.136892429928943619e-03
-1.457433466386093973e-02
-1.426991938741325322e-02
8.961620630080257069e-03
1.307182989877635031e-02
3.853700522798243766e-03
-2.442640682370314509e-02
5.635794494811360682e-03
-1.752099123704948386e-02
-2.054366387064162497e-02
1.162330004715723258e-02
1.831232732292709803e-02
3.066096014658722078e-03
-4.235562352783519419e-03
1.055449564771615513e-03
-1.854432519894737329e-03
-2.827385163301645611e-03
2.059744410515589041e-03
2.899521810367634931e-03
-2.376588068910040930e-04
2.395152929383765478e-03
-4.748302636994170337e-03
-1.606884681202606956e-03
4.686301250707970364e-03
1.221709673547396319e-03
1.267924279285201491e-04
3.124024060308459166e-03
1.316556094558271129e-03
3.045357367312377401e-03
1.850141986149019674e-03
-3.380641158226823772e-03
-7.979643735215660727e-04
2.609740856519960576e-03
6.900228743783007627e-04
5.876616030832056180e-04
2.177173865871153552e-03
5.214100040735657410e-04
2.235859384957351349e-03
-5.676866616477659533e-04
9.773174445174433699e-04
-1.816213308897706900e-04
-5.544084245394316534e-04
3.300471022717808129e-04
3.567564948468707935e-04
5.472655270564808286e-04
-5.278909554799595186e-04
6.752616026640105183e-05
-6.346316857492033826e-05
4.143400032354841128e-04
1.400334230775456545e-01
3.444793240931774969e-01
1.151122615226593204e+00
1.818086456995201994e+00
2.182877341730244947e+00
6.282600497936203787e-01
-2.045541214528810714e-01
3.914214126196231547e-01
4.087277631681517365e-01
1.913597021737195591e-02
-4.255298698524401701e-05
-7.386282252890198239e-05
-3.555638914930048759e-05
1.166539653491961383e-04
-5.487796084464401889e-05
-2.897496315385060138e-04
-2.648545309704101861e-04
-2.273973920769150475e-04
1.538157571996874085e-04
8.547777486376656724e-04
-4.406023324009191344e-04
-2.395560823650159498e-03
-2.048711416776936248e-03
2.844967070680859064e-03
6.566343542047527182e-03
7.537759308532872857e-04
-8.046416040209546008e-04
2.261257878167936396e-03
1.350120841408675599e-04
1.927629528746770040e-03
1.029237723037544888e-03
3.347621256658031395e-05
-2.661212428445511178e-06
4.844434973033077426e-05
-9.730520850531237172e-05
1.477169805067077475e-04
4.196091154184625346e-04
-1.344460693518820076e-03
-8.540933563812284522e-04
3.333645394486701974e-04
7.392126159316127296e-04
7.907809693617256965e-04
-3.772691639449353169e-03
-4.235717869016608628e-03
1.582376941502316569e-03
3.446349895415288709e-04
-1.468141500392295697e-04
1.999111015069539830e-03
4.786485965451117534e-03
-2.738923981819821503e-03
1.324059615711818813e-03
-6.928651949694620714e-05
1.930824862554880153e-04
6.655089929358500630e-04
-5.810113709771325694e-04
-4.373307382342555888e-05
-1.729795242189780327e-02
5.223861771470708279e-03
-1.321408083156860695e-02
-1.016731210472801919e-02
1.150800821798430955e-02
1.482388575942849597e-02
5.078761371282235204e-03
-2.065951943921274722e-02
8.770749386247337492e-03
-1.996373891166442274e-02
-1.523878715096757368e-02
1.630915871387533800e-02
1.916605444207025374e-02
5.315032134354590737e-03
-2.462644932990777028e-03
1.756385545821168275e-03
-3.770753526528776694e-03
-2.673656879629962568e-03
2.457383877796900321e-03
2.759256453222331054e-03
3.712175117855149209e-04
2.955184341610664258e-03
-3.460500536143620420e-03
-2.892475842670155263e-03
5.297266281453516003e-03
2.878468714494400365e-05
-1.948548171977134715e-04
2.656634373317551517e-03
2.268531654228868408e-03
2.145460984786083051e-03
1.410147103931270974e-03
-1.573006692220363552e-03
-2.090702809738412878e-03
3.966520526826535810e-03
-6.302484800354886277e-05
-7.858267193815808831e-04
1.576406343671812827e-03
1.745582690806189241e-03
1.628977399505966489e-03
8.010386417171415667e-05
-9.785997106969718674e-05
-1.012987671848881863e-04
9.552769204709230270e-04
-8.976775495731368270e-04
1.544311319864588030e-04
5.192627209744482639e-04
5.358395104079431009e-04
-4.010528181804594674e-04
1.326018814845546603e-04
6.163912489207375796e-05
4.133551849006751600e-02
1.288499904037621602e-01
8.744683400224541325e-02
1.467518172479971399e-02
1.386959423332803816e-02
-1.951596900989991269e-03
1.081302617900753438e-02
1.854929604315255429e-02
-3.218210446273845997e-03
1.508311196451081818e-02
5.944829554730355617e-04
1.036453385098665527e-03
1.215611769386242338e-03
-1.060487125031423731e-03
-8.897924075965022665e-04
4.894431068922976353e-04
5.243899080213078150e-03
3.319450364351988949e-03
-4.088352699256881631e-04
-1.789550036642993430e-04
1.059627518394629602e-04
3.505053365699391937e-03
1.740457618986782778e-03
7.363590069730113763e-04
1.639559342721342368e-04
5.436212901105598070e-04
-1.746889484900052136e-03
-1.045174919659937456e-03
-4.679801551420307887e-04
-1.932846673786794750e-04
-2.988670845613065484e-04
-7.767550413208737644e-04
6.898926636919635843e-04
1.195910941659848953e-03
5.497095344231773748e-04
7.048814944326866087e-04
-1.953677322922941606e-04
5.076457899345645196e-04
5.100507873313571850e-04
-2.267826909332879579e-04
-6.930820985193165409e-04
-4.442820642743939121e-04
3.210257532988521805e-04
4.279126447726231970e-05
1.273492667781423195e-06
2.102798348958761045e-04
1.979649899995720845e-04
2.672491951216720364e-05
-2.730234707254792711e-04
-4.997918370911886557e-04
-1.492459388856671814e-04
4.161813883436128736e-02
1.275435326958341553e-01
9.383533241115558921e-02
2.096771179402743407e-02
-2.073938952655028211e-03
1.702152388629612004e-02
-2.469855024778036361e-03
-3.311681530233122513e-03
2.466542977556070160e-02
-3.993405565240065909e-03
-6.271409983569263069e-04
6.588939480239840336e-03
-9.554807234651673106e-04
-1.334299613155089581e-03
-1.592987762333056192e-03
-2.817047840639527647e-03
1.112973011840610508e-04
-4.982680268229374224e-03
-9.252822095146641173e-04
-1.198104672578183651e-03
-2.442218896245963201e-03
5.373343677195207288e-04
-4.290702278383134657e-03
6.707359339782634569e-05
-3.363565901074718964e-05
3.518063391173570516e-04
-2.064618144183055955e-04
5.651668546647978936e-04
-1.236855587113190992e-03
2.302947709252259204e-04
-9.476843797492445981e-04
1.982451844744426899e-04
2.088647166808996962e-04
5.764901594204575527e-04
4.407251721465192543e-04
3.431426183376911645e-04
6.094044595444064836e-05
3.134006214336914264e-04
3.890870641177382287e-04
-3.751767568337358331e-04
-4.824773988187448836e-04
-6.087055111786612426e-05
-7.502595345630535726e-05
-3.663975156625569481e-04
-2.492872408357891373e-04
2.193432140249780351e-05
-3.116327323304140303e-04
-5.012834254556826385e-05
-1.220688143999744304e-04
-4.761589439593347201e-05
-3.477104323157139245e-04
4.111577870906119037e-02
1.260271728956519066e-01
9.228668836679156107e-02
1.556678428536489855e-02
-1.336716290676041342e-02
3.680358290310515538e-03
-1.001193898209076262e-02
-2.035107031594196939e-02
4.736476995866577451e-03
-1.479774160433134852e-02
-5.069735153405837205e-03
1.533678281896694046e-03
-3.994443120357556685e-03
-1.670240665863107843e-03
-1.296527800168988370e-03
1.911511128464419890e-04
4.749965710735147041e-03
2.912907072894847012e-03
-1.450738593209162592e-03
-7.896758248255956189e-04
-2.595131115929831252e-04
4.335592620012614258e-03
2.835982684602998769e-03
-6.272798319956678992e-05
1.388195421726176604e-04
1.253178366967183177e-04
2.932828648016637944e-05
-2.265105318355576877e-04
4.620926481862835033e-04
5.155185634161525655e-04
2.027397407763449264e-04
5.864584726718685389e-04
-4.937526878616316662e-04
-1.023066681023000789e-03
-4.314321645821969230e-04
-9.742947622613130226e-05
1.841847159079891511e-05
-3.605744957764006262e-04
-6.722857901477969961e-05
-6.308055997421302147e-05
6.054733403967128461e-05
8.547222788147341380e-05
1.883955669954669090e-04
1.913432183215917765e-04
1.172299905714751183e-04
1.017474056072611299e-04
2.301106677342344188e-04
2.087879754843913617e-04
-1.400419456751998606e-04
-2.970867795070007852e-04
-1.550529849514537635e-04
4.133410269345169641e-02
1.268107062561219522e-01
9.113656184875719435e-02
1.915513697811259061e-02
1.191040558481801150e-03
-1.700745429661623676e-02
8.034629998039865759e-04
1.465811464032802875e-03
-2.517097432585078606e-02
1.112955874281795288e-03
-4.942429434832594981e-04
-6.216141024378995031e-03
4.013508675183112269e-05
-9.570516103141698573e-04
-4.898215970511000592e-04
-3.009180637374734776e-03
6.557760337696053618e-05
-4.953517460680876422e-03
8.991580858693527789e-05
-2.178001106613599940e-04
-2.417046006680566642e-03
2.117443891222368848e-05
-4.853362265240754661e-03
-1.135087787971416967e-04
6.402988000150304330e-05
1.815872755065886339e-04
4.985737117565638282e-04
5.090185311101547410e-04
1.182241817351273143e-03
-4.852031477952348140e-05
8.952854309293508013e-04
-9.391130674575735090e-05
5.354201511542703407e-05
-9.221596324066975981e-05
-1.717473265300495887e-04
-7.077208383554087830e-05
-8.947831443834821546e-05
-2.641374862315109011e-04
1.538991544030965145e-05
-3.593769944948826945e-05
1.816358228085192131e-04
-1.594713568630657619e-05
-1.059991835701798498e-06
-2.362888043443324838e-04
-9.126136906256235011e-05
-6.120841243268263844e-05
-3.004960979484827435e-04
-4.530318881335822142e-05
-3.083218055760579730e-04
-1.764134048199522027e-06
-3.616039036870163860e-04
4.088331154485957963e-02
1.256629430366625055e-01
9.305070906407672537e-02
1.646976937827873688e-02
1.374046282104657984e-02
7.427500628555181068e-03
-6.034741885894285597e-03
2.111987693285027889e-02
1.132019802213107482e-02
-9.583182819174760128e-03
4.917155453012838490e-03
2.220170213774124747e-03
-3.557268975014564894e-03
3.707957849633503316e-03
-1.595514342873398210e-03
-1.832853704373965794e-03
-2.920109137954942334e-03
2.413078500370597745e-03
3.223158350901069325e-03
-1.782568498791525661e-03
-1.429619549914821390e-03
-3.206351997540698995e-03
2.363379038674130392e-03
-5.822681796344423471e-04
5.618315594450980845e-05
5.962587834516115378e-04
-3.497416601422916721e-04
-7.430125497132659626e-05
1.000579700741700048e-03
-7.677627279335902085e-04
-1.886034670060468419e-06
6.617615066814788597e-04
-4.519389147552324809e-04
-4.851291275841429539e-04
5.058039884413112312e-06
-2.132429496968550272e-04
-1.019266094857925912e-04
-2.315621046199017343e-04
-1.886264807004480987e-06
4.209521874558689604e-04
7.369170614327022332e-05
2.285220934984300727e-04
-2.450745157283500727e-04
3.431529311860305703e-04
-6.570790895320647066e-05
-2.911903228565959929e-05
9.504074875789307445e-05
-2.640150339750841246e-04
3.622093745082674571e-05
1.683826381665145481e-04
1.689551575685931941e-04
4.099863241012810522e-02
1.251417201555386771e-01
9.305932540515070295e-02
1.773367962231073985e-02
-1.238652100689081187e-02
3.358658888121547267e-03
-1.070325959724312617e-02
-1.899102587203957415e-02
4.177121510136394718e-03
-1.657424889936350704e-02
-5.436614928601351399e-03
1.116558123380774047e-03
-4.653721529904460141e-03
-1.507063961370981846e-03
-1.211801281804799528e-03
6.201592645879410847e-04
4.724259724857564346e-03
2.667008741022281089e-03
-8.744106625041966289e-04
-1.062910652213873213e-03
8.452903649782774788e-04
4.838230556232950980e-03
2.435523083879917103e-03
2.283805729059238245e-04
7.242305822056398419e-05
-7.250125201240096749e-05
-1.157324513292951946e-04
2.187926601990754368e-04
4.190601928465471785e-04
5.239865674871431542e-04
2.069376970800775538e-04
4.898536506345216833e-04
-7.767381703580147120e-04
-9.497968504725700116e-04
-3.934780173610051058e-04
-3.203491039555104785e-04
1.502977902437267566e-05
-5.437662088386868063e-05
-5.396350237929685916e-06
1.241015492766636458e-04
-1.518755990904692247e-05
-7.112225681993283421e-05
2.078059986699051884e-04
1.513230863705587097e-04
1.132549242631131307e-04
6.492573538102019016e-05
2.145287196428690216e-04
-1.025925929176130610e-04
-3.217430468521612964e-04
-2.742218243048151092e-04
8.627380361079855717e-06
4.053910146340080484e-02
1.242623784268473003e-01
9.377444568893580912e-02
1.657106615615324546e-02
-2.388704767226761897e-03
5.186357933908181637e-03
1.544129366560403546e-02
-3.898473072757945457e-03
7.636467704481997992e-03
2.455905810874581263e-02
-1.197894766268634394e-03
1.326762018121510796e-03
7.540430654746686431e-03
-5.159963653658563958e-04
2.919085539710641712e-03
4.751376633890098261e-03
-1.391001770772572503e-03
-3.964512258188748056e-04
-5.132494199296380646e-04
2.665554662659139467e-03
4.878091410373100283e-03
-1.515036350452971534e-03
-3.131118154029410004e-04
-1.859873912514444167e-04
-5.146962071414741460e-04
3.614355042567088828e-04
-4.336653217925853787e-04
1.533258510960302406e-04
1.453250556280659238e-04
-2.880388797185172802e-04
1.012226839038397105e-03
1.019091597319787780e-03
-4.361798296335189199e-04
-3.855257031659258286e-04
1.554878071642860972e-05
-3.586357309784827109e-04
-1.221536515998429377e-04
-1.247393287521765363e-04
1.203768772649264066e-04
-2.232335129487433042e-05
3.449916586101713415e-04
1.619856735354367218e-04
6.426915218980989867e-05
-1.397519633678961416e-04
1.102773406081223830e-04
-3.364361540385116169e-04
-2.221588025458701968e-04
3.628988320514000090e-04
1.374612190638846985e-04
3.424059044105982082e-06
2.924696212855325094e-05
4.060192208483679593e-02
1.238299509949187804e-01
9.524013033370029579e-02
1.737237465786199350e-02
2.583024504387762196e-03
-1.612419182970563011e-02
1.330766281272123585e-03
3.605138530982592883e-03
-2.614577617923380393e-02
1.764621835283773426e-03
7.898000266238446292e-04
-8.463618969220203236e-03
1.026294093139975411e-03
-1.540651184977879021e-03
-8.488920092664448873e-04
-2.829361831390167937e-03
7.881863906883927349e-05
-4.832420241020344773e-03
-1.237380643111468757e-03
-5.410507329299749091e-04
-3.091168913847244012e-03
2.218418310069672516e-04
-4.744063526896747339e-03
2.393422717575828540e-04
-3.282923824951840654e-04
-2.638553047167804680e-04
-2.016904007004304984e-06
-2.884123729650132461e-04
1.120961987141139843e-03
-1.024204432675956960e-04
9.483471374243027238e-04
-1.235862714494183551e-04
-2.242283152846189778e-04
-2.439964922008715719e-04
-5.654134250197889646e-04
-1.409694378315544980e-04
9.925217062708450438e-06
1.236361474985129627e-04
-2.272323797662260708e-04
1.869684653405099975e-04
1.225027446803988074e-04
1.886023274865507434e-04
-2.789988397869619494e-04
-1.460108316048642824e-04
-1.483362426786272994e-04
6.532594253913712721e-05
-1.828320243921901860e-04
1.820007786763586075e-05
-2.256938435148132913e-04
4.074682144217981974e-05
-4.005481428407205624e-04
1.401234209163529920e-01
3.442155924360153496e-01
1.151387910339562115e+00
1.817273497291199913e+00
2.182955206249115321e+00
6.276871372545613781e-01
-2.026551301557582840e-01
3.858370446401684362e-01
4.221489350701173593e-01
4.159321651010906146e-02
-1.353795159148604706e-05
1.468276992162278409e-04
-8.499528543239760205e-05
1.344449290514029129e-05
6.292878184147519512e-04
-7.509340820867644456e-04
-2.755236564150651099e-04
7.546805227756108641e-04
-4.852895301079254058e-04
1.050404715101115917e-03
1.738543661033047040e-03
-2.262512349712472465e-03
-1.657993421633741993e-03
-8.193686032245777601e-03
7.487439790726902605e-03
2.351324560416411316e-03
8.964179858597294027e-04
6.563431194933885653e-03
4.935105313152506057e-03
6.866895160560672860e-03
-9.438121746090437315e-04
-7.687949063539990943e-05
6.659102061652207823e-06
3.544071845431957579e-05
1.762348655040128537e-04
1.062405557124286283e-04
-1.201495922233819383e-03
1.796554491980098707e-03
-5.673188124161694179e-04
8.567790116464171248e-04
1.439320498539737279e-03
-1.354374011642955900e-03
7.551082750133230465e-03
1.083768245249984311e-03
3.661597781969854696e-03
1.958220534440606453e-03
3.939524706145253186e-03
-5.063103297008287977e-03
4.621402685738699480e-03
-2.195690196765488810e-04
-5.047747680014832636e-03
1.707951408053229097e-03
-3.745276155842212473e-03
1.747213290350585219e-03
2.351858827748221060e-04
-1.745204734763350623e-03
6.689651433685898409e-03
-2.611156501259910020e-05
5.922724371006496229e-03
7.066903838944848734e-03
1.555083397655155318e-02
2.229265924319514050e-02
-1.221170474265258557e-02
5.812078159517197230e-03
-2.534386003168807248e-03
1.193901708165295665e-02
1.231707680207998201e-02
2.013189657153640483e-02
3.133540360037097294e-02
-1.778337346155963589e-02
-1.169045538654326505e-03
-4.318730062879538715e-04
3.704188722615980259e-03
3.805566684749073225e-03
3.304383033053831954e-03
4.615054264589939746e-03
-3.779259390242897549e-03
-7.398330069112127750e-04
5.491866506097466431e-04
2.960418033672968310e-03
-1.147908509954590275e-03
-2.231021101912286902e-03
5.562007317261550253e-03
-1.791692695889571989e-03
2.669542304754236178e-03
4.817043271183524440e-03
-1.282553178656567266e-04
7.193754894716126178e-04
2.433696088275469349e-03
2.140863258047562204e-06
-1.478682980568343363e-03
3.394105419126711761e-03
-2.134313147065241157e-03
2.468751131563207309e-03
3.414873470787122955e-03
-2.944238699042900777e-04
9.179038767214343529e-04
-6.866934536526625747e-04
-1.465405263835433238e-04
-7.821287939007936195e-04
5.077583908531266375e-04
1.149323048525216479e-04
2.288760463459273760e-04
-8.557932907539351260e-04
-3.494630953707357750e-04
3.436512829478376792e-04
1.401203194021049814e-01
3.441825069516277202e-01
1.151357859016235219e+00
1.817191995327639198e+00
2.183044893252122254e+00
6.279115678764275454e-01
-2.024356738068301964e-01
3.875287886916700675e-01
4.168733301749135700e-01
7.142200127941041900e-03
-2.308996418770309304e-05
-1.339754786205329268e-04
8.141199865370809250e-05
-4.555128628646308732e-05
-6.078981930266927737e-04
3.409745171754277734e-04
-2.070981061621162089e-05
-5.947095337576947414e-04
2.924558102452706212e-04
-4.160278277630025307e-04
-2.133842109254128691e-03
1.363921925750248088e-03
1.469269321303646493e-03
8.034369163412701312e-03
-5.408346378372549945e-03
7.062027807317628619e-05
1.407267636067694632e-03
-9.503119567651157988e-05
1.293860018674454536e-03
4.483876590875891972e-03
-4.287821853433907565e-03
-4.509806237807164876e-05
1.421840040838839838e-05
-4.599764616132714267e-05
-7.821800149160724146e-05
-2.588816942402623409e-05
-1.026455967104674023e-03
1.957775763026161058e-03
-3.591204362853809141e-04
4.662896418223538841e-04
8.565265601332041744e-04
-2.360423283286545645e-03
5.642358556179312770e-03
-7.232385557860142875e-04
1.239494401212658421e-03
2.661673900026037022e-03
2.106597824872597294e-03
-5.385960997058069320e-03
1.389767928462190246e-03
-1.398966403897845476e-03
-3.255690491730212424e-03
-1.029443205613583779e-04
-3.023330128261659719e-04
-1.858444379837108276e-04
-1.620430246374113400e-04
-4.450507215320001660e-04
6.723764700208100832e-03
-3.518204483012126425e-03
-1.392396469561159485e-02
-1.478701905478461108e-02
-1.165354906646344849e-02
-7.599007246920832376e-03
1.819255272518911087e-02
9.437751934412628302e-03
-1.158701227529825972e-03
-1.941280633844145662e-02
-1.981390963303127084e-02
-1.507342749630934120e-02
-1.385254868647501150e-02
2.346511657872080853e-02
7.778077581691197591e-04
1.135230717606959408e-03
-2.026473789527533619e-03
-2.548325151615978609e-03
-2.110768839494678913e-03
-4.361828261341212445e-03
2.591408424659339717e-03
2.822413924263320571e-03
2.462185684794837570e-03
3.055810413406269237e-03
7.980663384555590966e-04
1.570348872968703458e-03
3.256639942398022441e-03
-3.905836500874222076e-03
4.587073914476541038e-03
1.220243764184409958e-03
1.108737763590624155e-03
1.811082901770781194e-03
1.945572251168443912e-03
3.892266874600369252e-04
4.856156656676023436e-05
2.004887169303532467e-03
-2.844786635154747563e-03
3.366310999210778750e-03
9.616019423233799959e-04
5.124556833107535867e-05
-8.613028643319968047e-04
6.883286568590203961e-04
2.379252292220896293e-04
8.233190410485678474e-04
-4.679544485522573751e-04
2.114098334181885959e-04
-2.324174826962791408e-04
7.942760946411330479e-04
3.443106828098727859e-04
-5.036860219370202767e-04
4.118227923654368267e-02
1.265226411450469657e-01
9.042620607550000411e-02
1.643213021038010535e-02
-1.814495242701372408e-03
1.544669011337475306e-02
8.069875917573124044e-03
-2.630899560593715457e-03
2.230358359293791240e-02
1.072185512340565437e-02
-1.330785772109342518e-03
5.773080987302951078e-03
2.210378521621043490e-03
-9.761268168954455055e-04
4.358702662658812260e-03
-1.073124998327008254e-03
-5.245806706710428669e-04
-4.101037614462008270e-03
-9.840086037809091420e-04
3.025449982911447046e-03
-1.778447904046431957e-03
-3.944966066062321358e-04
-3.337175953574605947e-03
-2.384999986800265964e-04
-2.326274629949683808e-04
-4.504082849445125531e-04
-5.368774625314002143e-05
-3.100022992417873053e-05
-7.274226137023719367e-04
-1.812784116564076055e-04
2.015111105207143953e-05
-6.379908045096602340e-04
-1.157661447931341501e-04
-1.138842929927949468e-03
3.254375099536464572e-04
1.653808048301907117e-04
-1.511293018515297564e-04
-3.265637876883213989e-04
-2.094021017804463471e-04
3.665931601717591754e-04
4.536896966083035516e-04
-7.487663506703061270e-05
-1.908895225642446376e-04
4.769686876742730260e-04
9.748668655536577596e-05
1.859929380683798415e-04
-1.416091232292421950e-05
1.324447167769874083e-04
5.418961016993789701e-05
-8.094845160277311965e-05
-3.344364393370839327e-04
4.115249133342240712e-02
1.289544318914231380e-01
8.455145752368631307e-02
5.768766539086566010e-03
-9.049416233016398942e-03
-2.568874410051083437e-03
-1.517001751851423767e-02
-1.225463537173813837e-02
-2.505795533280146935e-03
-2.122761238668895850e-02
4.282355655210000681e-03
-1.815090247406473669e-03
-1.183415672569020603e-03
6.435888214529240795e-04
1.123752997777700737e-03
3.672356458137309657e-03
4.982170936496968690e-03
1.488874767784553656e-03
3.432560331380835939e-04
9.892923275245050357e-04
2.822152780117579123e-03
2.050489061930085150e-03
2.023894286297061402e-04
-1.394828989815745835e-04
1.051754264063605502e-05
4.324966273865122495e-04
-2.024991996179411387e-03
-1.391330986250489347e-03
-1.239246009418888629e-04
-2.541956709000597653e-04
-3.666526254481923953e-04
-2.806701866946319842e-04
-1.214073001188288375e-03
-8.022216510449828872e-04
-1.014670935585755421e-04
2.067276793118409380e-04
6.588541686862236851e-05
2.587732333679802313e-05
-3.093042424655542450e-04
7.915200587434223283e-04
1.159330570494089118e-03
6.114702998759083646e-05
-5.978361599239092526e-05
-1.549053438172621718e-04
-6.441522176941633364e-05
-7.159016835168415308e-05
-6.573497584537599996e-05
-5.124121234154105538e-04
-6.262280900949351425e-04
-1.226895910209431409e-04
7.262332099053521711e-05
4.139620209161608971e-02
1.261478665704678093e-01
9.399739823541491957e-02
1.834144093314462112e-02
1.634163903745875640e-02
-1.437619816846963123e-03
-4.079172988170724767e-03
2.458941596539127028e-02
-1.573602524992721938e-03
-6.554539876300724544e-03
7.499385679527921685e-03
2.225044995247239029e-03
-1.301542791633411968e-03
-9.841723766658041876e-04
2.625858307960299200e-04
-2.454944715793877432e-03
-2.314598058713542884e-03
4.753759272880332676e-03
2.349592944437246898e-04
7.485656918403073463e-05
-1.955672727767191008e-03
-2.535725746057462295e-03
4.461928088039187473e-03
1.103591844837920012e-03
-6.642626916381006809e-06
-3.346658861597553796e-04
-2.593169423332763402e-05
3.713715906725066802e-04
-3.294935103101648234e-04
1.073972275327198536e-04
2.068646631121177638e-05
3.622262041325369892e-04
-5.890339530666729821e-04
-7.130467370061993994e-04
1.059713046436208932e-03
4.671282866771737301e-04
9.394192312429881764e-05
-3.939994190857998833e-05
2.939048828246595101e-04
7.435824240245990260e-05
1.447435625503881826e-04
1.187189414554827159e-04
4.613388014321290279e-05
7.221215772998229295e-05
-6.085862976978241053e-05
-8.822745713802758059e-05
-1.166168037164808428e-04
-1.874199998660227705e-04
1.413681516156747192e-04
3.883506569812106789e-04
-2.247858129328727075e-04
4.127442708184981407e-02
1.264696786844854981e-01
9.445564010848706005e-02
1.642267616382127662e-02
8.487917587792145890e-03
-1.405019941205739448e-02
-4.957331422219309579e-03
1.272054321776175390e-02
-2.160376487703465770e-02
-7.097150363806489261e-03
1.899194335904975375e-03
-5.686351861746329756e-03
-2.518313029331757831e-03
-4.314674165163070833e-03
2.461141225130735691e-03
-2.276654916187186364e-03
-1.516934733393571514e-03
-2.243140158130841558e-03
-3.574114157353003220e-03
2.239574615826768304e-03
-2.109988092634776727e-03
-8.788729778127923756e-04
-2.318289740114157314e-03
5.371074729745292176e-04
3.367456443030953992e-06
3.265294885195402404e-04
5.024438572590969072e-05
-2.663345424537832962e-04
-1.033936538155468460e-04
6.417875494012538744e-04
5.052794136937743038e-04
6.191877827464098904e-04
-2.304219593098526058e-04
4.614939195175142084e-04
-1.123221927239451438e-03
1.922943842247687267e-04
-7.636110637194016941e-05
-2.540847296510147539e-04
-1.416316194052100652e-04
-1.853270569692397330e-04
4.774927058296622972e-05
2.603651697124268697e-04
-3.546408044501304035e-04
-4.313286016901346341e-05
-1.024368287815882999e-04
2.479855010873544354e-04
-5.915647479758383200e-05
-6.676002127454240792e-05
-2.551707186342422134e-04
-1.913959255877128042e-04
1.519748466279387136e-04
4.064873381578812395e-02
1.243882914180892141e-01
9.496692755967139910e-02
1.686543609065963012e-02
4.291169868987101087e-03
3.972620923170659332e-03
1.534658464162200892e-02
6.570645603486385822e-03
6.127686393555514810e-03
2.475407054770335444e-02
2.351450525635829288e-03
-2.163896629919807239e-04
6.581493555783058357e-03
6.312937747373470855e-04
2.383831585398262301e-03
4.775306803341266768e-03
2.462028469851854258e-03
3.045555724360150801e-05
4.217249101669039786e-04
1.797620938268161290e-03
4.793782311852676399e-03
2.325202258999463107e-03
3.094569816367311564e-04
-1.689427895890665437e-04
-8.451677329690736405e-04
-4.117192809078438944e-05
6.248401169139446859e-05
1.551611815159721619e-04
-1.659416041849595184e-05
3.250699629691029368e-04
9.125578792226115296e-04
1.034288159800171103e-03
8.492465530238205379e-04
1.267168269212700358e-04
-1.441712548544796550e-04
1.433742253089637195e-04
-7.275894164792847914e-05
-2.649824573584604894e-04
-1.932421118207283944e-05
-2.369684491369057118e-05
-1.591207270880076480e-05
3.807287169962882329e-04
1.134976034773039778e-04
3.073058465457759831e-05
-1.292536525521064707e-04
-1.699305224943040290e-04
-3.257825565274408770e-04
-3.009914155724389474e-04
-7.162713031003378381e-05
1.520331655862911381e-04
3.916396295706576190e-05
4.073242493751581816e-02
1.244530559082723253e-01
9.566172991110759305e-02
1.755964024036037532e-02
-1.613866635703416902e-02
-2.976327906360415072e-03
-7.144543377634817892e-04
-2.577130869223770784e-02
-5.391497709724693381e-03
-1.094480433269325037e-03
-6.973766119284754983e-03
-1.342918841872621982e-03
8.018904478865898850e-04
1.863856408722933860e-03
5.307054035718932383e-05
-2.953162193971161677e-03
4.868170664990210364e-04
4.745120810149830275e-03
2.058495990658664506e-03
3.204905181119380533e-04
-2.822996994188920784e-03
2.257461414940217231e-05
4.389073440160918410e-03
1.710816404839999943e-05
-1.474691145077032669e-04
1.190576384135615671e-04
-4.426290779779844687e-04
-2.599884529064962744e-04
-6.748257685498612211e-04
-9.777242262043072849e-05
2.800213330357813877e-04
1.996004213310357341e-04
9.774203079208783600e-04
-4.595581563740186670e-05
-1.089521869431628017e-03
1.908531778148499249e-05
-1.453912850034460051e-04
-2.206624293388893333e-04
-3.138971851023865368e-04
-8.882542879847030030e-05
-1.532118770825504992e-06
1.813379914766409160e-04
-3.101417153820398994e-04
1.650081953313561954e-04
2.551813266986223058e-04
-2.456395860089123997e-05
-1.543429550897382750e-04
6.749321087435687508e-05
2.307611107321286888e-04
1.394498571856392274e-05
-2.166067616631920094e-04
