1.402409058817483123e-01
3.440032088452300019e-01
1.151892579524379068e+00
1.816974344180881218e+00
2.183793582216425389e+00
6.266359845597545553e-01
-2.070440555583547837e-01
4.040254847073458944e-01
4.104672947551726847e-01
1.791299289242137549e-02
1.457158471207257360e-04
-1.823825814688306672e-03
3.628252380831944860e-04
7.461718121826842881e-04
-5.665558534267229641e-03
6.576186736055331735e-05
1.204696926528371062e-03
-1.243443042979239938e-02
2.880848187540173584e-03
-8.295487659097658872e-04
5.838822417192230003e-03
-7.838573344565854736e-03
-1.876063945950261777e-03
2.048298064649004338e-02
1.428421134772360187e-03
1.062450158632315963e-04
2.071521494255414500e-02
2.336428633083110704e-02
-1.503253112241412530e-03
3.520117932718485471e-03
-9.318699680606940330e-03
4.344734549160736144e-04
-4.781503665859390510e-03
3.383461416434179446e-05
-6.117347471727519002e-04
9.844142624820413894e-04
2.429477980509931693e-03
-1.549146728595122285e-02
-6.343050161423679524e-05
-2.224007196112539036e-03
4.054638809426619646e-03
7.711717559457339274e-04
-9.753870876577369273e-03
-6.770556785953964728e-03
-3.273287417703060341e-04
1.156660528640338081e-02
-2.481758800744556740e-03
-7.895100759219581682e-03
-4.512911137654075297e-03
-5.738653897409338490e-03
1.055352227266005347e-02
2.604738059142333497e-04
7.373063325176601804e-04
8.612861783344337614e-04
-1.373573986534463824e-03
1.065993820712791154e-04
2.060969318444987736e-02
1.430520405879412774e-03
-1.416728592400799853e-02
3.402469873313864347e-03
3.006973315907050543e-03
1.124779261716951466e-02
-2.970111345786069588e-03
2.457710436080591879e-02
2.111900548946718265e-03
-1.843450209957335842e-02
3.508705332975585456e-03
4.707031664774586482e-03
1.283899719618543205e-02
-3.889958396954673776e-03
9.542522682154796088e-04
2.499186023347118105e-03
-4.290509716005704022e-03
1.869205055119338649e-03
-9.386740494658147096e-04
1.948419243380551452e-03
-7.262929110590050572e-04
5.599844688572767036e-04
8.741002998011457650e-04
-9.756490506979988413e-04
-9.064833648979371550e-03
2.913405365358318348e-04
1.111791619202643581e-03
-4.071130987458321769e-03
2.222545503286498013e-04
1.979224055091712356e-03
8.402230435158454091e-04
1.292101274940653504e-03
-8.322934701345085888e-04
-5.579264970321704507e-03
3.084634454850193478e-04
2.008772022288556666e-03
-1.738044600844098220e-03
1.414147554623737708e-03
7.347480628589263089e-04
-1.224688429638894809e-03
-8.605831013875654949e-04
8.520452234247198652e-04
-4.565911658842200494e-04
-3.940424490981025572e-04
5.552995710305923152e-05
2.991734839419189448e-04
-1.993112784482446893e-03
-5.822392769749348699e-04
-1.729717372936401786e-03
4.812542795790607187e-04
2.773727960893974664e-01
5.391467759627217582e-01
1.737197348036059408e+00
2.921076117586940413e+00
2.262999922247920903e+00
1.836573251228795223e-01
-9.340875377813978586e-02
5.960518903815736902e-01
6.031658610704017098e-01
2.140985269515745856e-03
1.124488678189115420e-03
-1.344288923404470660e-05
1.501361536288309435e-03
3.274778772904563158e-03
7.249217959233732233e-05
4.841856758384201209e-03
4.832791068458732950e-03
-2.666961873149461832e-04
6.444255193272770479e-03
-4.570251223022040073e-03
3.974409406529446319e-03
-5.231699227823568416e-03
-1.058529617241666179e-02
-9.712882509718342994e-03
-2.093167454679872169e-02
2.018322011485238453e-03
2.701143646325553441e-03
4.820709130334505620e-03
7.753199125679751877e-03
-3.608741105108513852e-03
1.951509737528426408e-02
1.263171510722797602e-03
-9.084267566138732176e-05
1.192709442365526935e-03
1.785558875091206119e-03
2.272356339758742089e-03
4.155119532513307408e-03
-1.096979387223107191e-03
4.068691127233414924e-03
5.747555859736750219e-03
8.610260913398365412e-03
5.681889589777596415e-03
-3.710696119820085476e-04
2.659925305750655312e-03
1.809058140741240817e-03
1.208478492402361923e-02
-1.372837806184898368e-03
1.584429885595858151e-02
-1.537790195088660841e-02
-8.986419638303730015e-03
-1.251289308546541142e-02
1.295127786314741484e-03
1.165099724109863559e-02
-1.850650441159283925e-03
-2.405529186395634171e-03
-1.635381232477292395e-03
-1.304793085061663888e-02
-5.430018430398860646e-03
-8.070251820951985719e-03
-5.041883292074814029e-04
1.489251187663606125e-02
-1.396010820361910654e-02
-5.341406482196428985e-04
-3.198533400609135380e-02
-8.400615510748167883e-03
-1.544650879090102638e-02
-9.416679713940329446e-03
2.444299057616595647e-02
-3.112678261145144371e-02
7.126671536041994000e-04
-1.143360232061106131e-02
-7.830645344630308893e-04
-1.108201296575182446e-03
1.516036661527351464e-03
5.790615064623470462e-03
-2.953521839413662028e-03
7.599967036758856383e-03
3.123261637863479056e-03
-8.681998081262024535e-07
-5.427631717464664537e-03
-3.981589384768122533e-03
-2.121855862214531291e-03
-9.904738827965265963e-04
3.635058086759379369e-05
-2.719932744425290500e-03
1.966321777470416213e-03
2.730668772360705238e-03
-1.754618266636277400e-03
-4.114083856062368712e-03
-4.898088043143162748e-03
-1.003716771617818885e-03
5.326632244355477891e-04
-1.983906461520800434e-03
-9.576447869073439817e-04
1.228534499385877362e-03
7.761381569635663865e-04
1.009583748810655070e-03
1.914406616543732416e-04
4.978801146065209120e-04
-2.019175929652096467e-04
7.911720619646655291e-04
-4.765516491730307862e-04
1.271326536867363423e-03
-1.804181595858631937e-04
1.337046916792010084e-03
-9.944573082449546493e-05
3.983096043311778328e-02
1.269100842984528799e-01
8.752491190335670579e-02
9.352705015099580660e-03
-6.754307249223898656e-03
1.371113794309511587e-02
-1.644970330444380652e-02
-7.437368186577701830e-03
2.000956345747157555e-02
-1.962812631101511218e-02
-2.562726449668037160e-03
1.541443235137570419e-03
-9.966350571341663772e-03
-2.980771629905007609e-03
-6.963989456603471469e-03
2.518085635126420408e-03
3.255234760613936497e-03
-2.319202946089682100e-03
-1.808174701463026186e-03
-5.473807859688629984e-03
-3.562691260131063491e-04
1.962393456427061721e-03
-2.404322901774472339e-03
2.403901920670859166e-04
-9.753139616423966854e-04
7.038217422279233106e-04
9.745852679210422658e-04
8.728233579683987399e-04
-2.499707761589817245e-04
1.640009638686262513e-03
1.909444089369200567e-03
5.608879993049344136e-04
-7.358987787734871250e-04
1.426267284901094846e-03
9.089868902054963140e-04
-2.632304320841405876e-04
6.300714872547153681e-04
-1.737656697406632247e-04
1.732447282363121406e-03
-4.030288767272309863e-06
9.154652227137241626e-04
1.883537978505942575e-04
1.258139238316194222e-04
2.501783648901069967e-04
-3.393555752857258011e-04
4.841411994362108712e-04
-6.308857031206258244e-04
-1.897625129825582094e-04
-3.576063642200423684e-04
-4.063667763029195899e-04
-5.974548587496861371e-05
3.833331837969156108e-02
1.242689605197238589e-01
7.403777902253347309e-02
3.157841091448933268e-03
-1.653049515920759077e-02
4.778460213959938307e-03
1.529433848471278314e-02
-2.243573239082983367e-02
7.752633572171097054e-03
1.904860422064011058e-02
-5.286868185887874660e-03
6.027534594768095208e-03
-6.087736516145768328e-03
-2.339785314309721954e-03
1.922500739414812745e-03
1.879892016811849417e-03
-7.676619860520753590e-03
3.479494810315586408e-03
-3.429099111051751251e-03
3.128503066875482509e-03
-7.505366812415215257e-04
-5.071801574751198805e-03
3.455723876761679272e-03
-9.520355696497876828e-04
-1.329774069425567655e-03
-1.398766477847921243e-03
1.997699926036777991e-03
-3.183471763411352905e-04
8.788196675625039493e-04
-1.317506288508851981e-03
5.861903750751454182e-04
-9.541340541470677257e-04
-1.738557283146922958e-03
2.267967507947600721e-03
-5.947838122737779572e-04
1.069697058509438709e-03
-1.715994741385689151e-03
6.773662189501360089e-04
-4.446129385346257669e-04
5.365429231401582693e-04
-4.446276705849126960e-04
-2.644215826510017001e-04
-1.179645110540845194e-04
4.198235178937662244e-04
-1.483011120517603826e-04
-1.339550390801634767e-04
-4.524805176487082452e-04
1.158265086518253022e-04
1.116701780931066205e-04
8.932987232618148845e-05
-3.821716619516579407e-05
3.525916704521531164e-02
1.108478459150869927e-01
6.563478162243320535e-02
6.815750037358569990e-03
1.979473690225221419e-02
9.398849035697921100e-03
3.947672396904293446e-03
2.601159428682225938e-02
1.236017899979184945e-02
4.939551364352689003e-03
7.892339165516706195e-03
8.211307854944607451e-03
4.598456098268109693e-03
5.938437994147467008e-03
8.343392510404226301e-04
-3.954644030536740018e-03
1.860220463196656914e-03
4.188519132592077865e-03
6.048975008859088648e-03
1.234056190042008908e-03
-3.665110200893896206e-03
2.756793753300691360e-03
4.612613535180282685e-03
2.902199593807860360e-03
1.308082728977162830e-03
-4.277986889233600497e-04
9.507472386221238470e-04
-7.727843722167960063e-04
2.523752260562283755e-03
7.677629831683972393e-04
-8.576111019961589000e-04
-5.766670204140873042e-04
-1.618385600429561285e-03
7.264211903755688144e-04
4.496564801905934437e-04
2.124531701259689022e-03
7.491904002710552887e-04
-3.340990743986925297e-04
-6.895531703672371122e-04
-1.770643306186164877e-03
-8.440369754627639973e-04
-2.738256559864835592e-04
7.715245353558043868e-04
-1.269699574929906256e-04
-7.192359342254894296e-04
-9.796501905045479147e-05
3.155063476394038744e-04
5.505098183387809865e-05
-2.723417175084273472e-04
-2.380389381902109987e-04
-2.533268137158546868e-04
4.121282099018284961e-02
1.246627856479998325e-01
9.552592830015506353e-02
1.608082531289459216e-02
-1.897410850327119463e-03
5.672287942766290197e-03
-1.386970171751811948e-02
-2.868198191821313796e-03
9.537513858302747519e-03
-2.320051768183634816e-02
-1.232490331977494471e-03
4.106988153542428556e-03
-4.509861038375716225e-03
-1.394218065544829295e-04
-2.941850448616974058e-03
3.761131887354368392e-03
8.617421278988594488e-04
-6.077860137848038356e-04
-5.404613049772362697e-05
-3.877664447183832783e-03
3.418433854140917084e-03
1.216545179266244510e-03
-7.328433222314398581e-05
4.230398831786154183e-04
-1.132938439487531221e-03
-4.727809542101216807e-04
3.961458928541783641e-05
8.651038527767178268e-04
-6.614569349305659803e-05
-1.362043414944170329e-05
6.997991667930169787e-04
-5.419521752944740905e-04
-3.161921246221263910e-04
3.202585579451225806e-04
-4.080205669438537885e-05
8.309770121527420249e-04
7.247358608088195488e-05
2.717408720777731920e-04
3.237419310145396079e-04
-1.353113568866014271e-04
-9.229203063395623120e-05
-2.016981490642164206e-04
-7.249954001858762516e-05
-3.596609520599412823e-04
-4.186620456058259978e-05
5.991801749656539911e-04
-1.586802727221173421e-04
-1.038588848822801690e-04
2.446351604777700274e-05
1.066066498971156718e-04
-3.352535860332270831e-04
3.816447918295842040e-02
1.183918635791261081e-01
8.773348790392253294e-02
1.132537047063729256e-02
-1.375436511556933639e-02
-6.422874524075158562e-03
-8.004140566216292468e-03
-2.061320068278003903e-02
-1.264527147031638786e-02
-1.288418420705738678e-02
-5.502390646766579761e-03
-1.026461833699526295e-03
-5.800565662922109282e-03
3.401803046663707739e-03
1.847744767870398465e-03
-1.277954236723039374e-03
4.013612736567374537e-03
2.546951027879754050e-03
3.945534192123799182e-03
7.225985721790427214e-04
1.320082633867792656e-04
2.893859848405566648e-03
1.241552714242880702e-03
-5.748657695075113467e-04
-1.063758537600023027e-03
4.094209367125211546e-04
3.580045657362928646e-04
3.828224406244000867e-04
-1.098540344592002132e-03
-6.728916607090396768e-04
-1.390485757493296827e-04
6.050301685024476713e-04
-2.765505488886278816e-04
-7.241852663693177901e-04
1.031936044264592677e-04
1.980361133448458103e-05
7.152686651336956488e-04
5.117813774883152355e-05
-9.612619677804406767e-04
-4.486007099732851940e-04
-3.365641455333006596e-04
5.263261876143846690e-04
-2.839629561717034087e-04
-4.399540312306603608e-04
7.407202313159651035e-05
3.530075244087489727e-04
9.451453776711780681e-05
6.536317261745532188e-04
1.075895216818821711e-04
2.642744830357980439e-04
-2.887870806124830363e-04
3.740045838898031771e-02
1.161659090122120069e-01
8.322807487205106936e-02
9.699826807598382200e-03
1.459095008079048898e-02
-5.856368452884080748e-03
-6.232867158725673672e-03
2.141229651542921400e-02
-1.128148378753180900e-02
-1.123747076125748527e-02
5.768631567712787997e-03
-1.282038330290769445e-03
-3.459830551764866546e-03
-3.050861866768880826e-03
1.561766750208355313e-03
-1.964719337567235203e-03
-3.416117239295322905e-03
2.968158711540489544e-03
-4.190008136743765023e-03
7.826470158890226582e-04
-3.628644495562835981e-04
-3.352795373575864248e-03
2.257929651838861632e-03
2.993731002449836142e-04
-7.229401904689719072e-04
5.631369988292465227e-04
3.744429592108470400e-04
1.386443225946529180e-04
-9.462796457053968772e-04
8.386302661165269661e-04
3.199394101659274278e-05
8.738352323284899947e-04
-4.651797422162832520e-05
-8.193979277286547779e-04
1.355173142462978036e-04
-5.922132079314401491e-04
-5.574778716190850834e-04
7.946733711927924247e-06
-9.386489283084843791e-04
5.379296916316844658e-04
-4.808287172942850155e-05
-2.171399614874469067e-04
1.042900149177458641e-04
-4.042246557419469188e-04
-8.423855871368113031e-05
2.428677978466958732e-04
6.686349455539149365e-06
-7.291486024484410610e-04
1.392699572787326260e-04
-7.544018473909092353e-05
-2.496323745519258360e-04
1.407016782447524927e-01
3.429859123479310767e-01
1.153755279217884233e+00
1.814452020978578384e+00
2.186756405876729925e+00
6.234541240721888089e-01
-1.947905246379168787e-01
3.674690466877337802e-01
4.579455112521294002e-01
1.384737431313221544e-02
-1.051226150216868452e-04
-2.976176142415212192e-04
2.848100015296453193e-05
-7.398830017496605196e-04
-1.699939065232815381e-03
-6.373108009104167448e-04
-3.756559920320247988e-04
-2.237282931573878961e-03
-3.743399293861269855e-04
-2.886188666997543603e-03
-1.594053630038646694e-03
-2.707819613189580256e-04
8.879243929405115573e-03
9.844301197297213035e-03
4.807303067388986502e-03
3.640652313522907586e-03
9.338194110012619856e-03
-5.840964722743480870e-04
3.253178313029321013e-03
3.309297279140250084e-03
-5.774795679154117595e-03
-1.736480693546539524e-04
2.723240263223640511e-04
1.094251648882215615e-03
-4.822117019340102875e-04
-5.551340600115842313e-04
-1.752386870200895808e-03
-8.224911501468347810e-05
5.194240578354172855e-03
-2.095002572233999657e-03
-1.779521007481905340e-03
-7.585666488674177969e-03
3.579496989832925847e-03
4.442988545935263288e-03
-4.036142770873954455e-03
-5.092726486325789212e-03
2.548631218384291974e-03
1.562903598119357246e-03
4.523781673598718084e-04
-1.274195269940076036e-03
-4.753128320085550640e-03
1.375599770384362775e-03
5.797410495540021146e-04
2.905880477116154752e-03
7.081508060370180022e-04
-3.050175819741796600e-04
-1.621641973702092274e-02
-1.550457150757078920e-02
1.482815887497158751e-02
-1.033810169299034971e-02
6.943327530737818283e-03
-7.154672315515878123e-03
-2.277986754680378159e-04
-2.589446170781400242e-02
-2.452118721673470295e-02
2.234505349281210723e-02
-1.340354943508950333e-02
1.239830943772461322e-02
-1.258373147817412954e-02
-3.048715042297525310e-04
-2.959811971685859938e-03
-4.104421638083487547e-03
2.595392095776063047e-03
5.758823353836588872e-04
2.796905804508868082e-03
-1.463206910011610165e-04
-1.224328220193884615e-03
2.432215700649771866e-03
-3.260155946199334420e-03
2.929412518257140489e-04
-3.443109513592050586e-03
4.540913498351473957e-04
-5.637962384510440683e-03
-3.215543127571557878e-03
1.251129576043689441e-03
-3.503622184186459126e-03
2.630071651963783626e-03
2.726924863009983147e-05
-6.550622814850620224e-04
-2.901277132440370152e-03
1.553541940272721851e-04
-4.129136422849835272e-03
-1.871186837234522973e-03
4.930640858366592671e-04
-3.296068176636163683e-03
-2.471359659755516616e-04
-7.489069711798926115e-04
4.775005659079136345e-04
5.703254717773908068e-04
-5.094131749156736435e-04
-6.083431197215406370e-04
-7.326452955842491102e-04
9.311231047952462205e-04
-1.084169595179616943e-04
7.037808620265940821e-04
1.053282658794139253e-03
1.412113876230339238e-01
3.426946429303285857e-01
1.156995187359106669e+00
1.816434389692684004e+00
2.196152716111561709e+00
6.207476916512801868e-01
-2.057224045594757134e-01
3.937810633057023391e-01
3.431870897938012477e-01
1.816077715206163359e-02
-1.052631621772192976e-04
3.488956350108901567e-05
-1.260207528458386105e-04
4.997747517687986096e-04
6.356878256687037779e-04
-3.047175075967840257e-04
-4.510777838079740149e-04
5.289304716006833565e-04
-8.073323425955278082e-04
6.268004991841180998e-03
3.342798664729667701e-03
2.023826856477541937e-03
-7.881907775549453279e-03
-5.603746708765632717e-03
7.346016488615932354e-04
4.183251351473720597e-03
-2.189354756395623779e-03
-4.147967549138334431e-03
3.817049654761779393e-03
6.598820603319679838e-03
1.635866487357152954e-02
3.386670051310344473e-03
1.079122933734784871e-03
1.708177562916974495e-03
-8.502873312483269171e-05
2.444768794294201100e-03
7.260144367165031511e-03
2.297140809988693771e-03
4.924092118461661192e-03
-9.421341257123331918e-04
5.304708402880519737e-03
3.000995955098202661e-02
8.544560616728978306e-03
2.523742541765074121e-02
-1.143137389038214984e-02
2.285112793213410487e-02
2.562801531312162984e-02
8.840757576476846596e-03
1.543659113338791133e-02
-4.875213097617419993e-03
2.048125833862159476e-02
5.138439479260192150e-03
1.487212271874452764e-03
-9.223080953436151030e-03
2.287772723388141905e-03
3.079827564782670543e-03
5.359023665274556883e-03
1.084024804148460246e-02
-1.218600155874182550e-02
-2.039476893029558077e-02
-1.380304511504721818e-02
1.212163556911574104e-02
-3.292556967638879482e-03
1.119665225305765607e-02
1.930475905159067043e-02
-2.230778900406652290e-02
-3.701434409071358012e-02
-2.416288988436352675e-02
2.233829005877103688e-02
-5.744282817517433817e-03
2.256973312190757412e-03
6.007835381262716275e-03
-5.552829810460081436e-03
-9.384200484121132599e-03
-7.248032840706184962e-03
6.872422901481492312e-03
-3.013417823378005973e-03
3.325417985160958236e-03
-2.010902569023252737e-03
1.350008364646944131e-03
3.301075999175656812e-03
1.318644388659542593e-03
3.716893920231588606e-03
-2.127947248543187212e-04
-1.903418434978584222e-03
-7.824836829183233955e-04
3.968423009345262847e-03
-3.176518876489281681e-04
9.522930169572162688e-06
3.117795707007163779e-03
2.991658449781342717e-03
4.043607574305141915e-03
-2.501225335026016194e-03
-8.731875282315863882e-04
-1.126727375962256880e-03
3.402136853807018015e-06
2.226642439548726007e-03
-1.546710776523650254e-03
-1.335597505678607928e-03
-1.075730828359626337e-03
-4.760011211794728538e-04
2.416363876439642390e-05
5.848074684538351304e-06
-5.121303634324995534e-04
-3.379236711411094944e-04
-1.305766384220826467e-03
3.312685002493678810e-01
6.847030095579720310e-01
2.239419461955305835e+00
3.787500866467756300e+00
2.647240204156562804e+00
-1.365981588537174690e-02
7.675744766492373361e-02
9.345115877558697326e-01
6.147646465584781783e-01
1.737176772693942717e-01
6.372331700972952602e-03
2.185204737141894019e-03
-4.580243465951644791e-03
1.213816880438300071e-02
4.344326437520164980e-03
-1.089632521772341406e-02
2.181850043014647161e-02
7.521367831256321745e-03
-1.546816092979711767e-02
-3.853053146358194347e-02
-1.264779243246453092e-02
2.660778108566114186e-02
-2.364236434210916990e-02
-9.244880843086542010e-03
2.365728272089574757e-02
1.316552255730005574e-02
4.273589864779083901e-04
-1.097628662758313740e-03
2.140687526172109154e-02
1.702972993818679991e-03
-5.991908418524110116e-04
2.295617291797961024e-03
6.418305671439571494e-03
6.594719233723788342e-03
1.135068430148976175e-02
2.751672764654660902e-06
5.776481389404384582e-03
1.969751247535352773e-02
1.749630162474962586e-02
3.341421465487139780e-02
-2.184386515666277440e-03
1.020751693675341076e-02
1.167313501674234824e-02
1.991251870001022051e-02
1.874124662987063442e-02
4.923759269689230791e-03
1.071246780992740968e-02
-2.126744633630654312e-03
8.273427637094425691e-03
-7.212113682764990409e-03
8.799467977487608270e-03
3.182945893070639534e-03
2.813931774440017308e-03
1.011312084172566374e-03
5.039332411070480923e-04
2.937897636816048756e-03
1.241379229979274043e-03
-2.227453468735119627e-03
9.931410065766770393e-04
1.895437443901110347e-03
2.193815240171654701e-03
-2.940465552575319882e-03
1.093222872901092151e-03
2.773329913761232203e-03
-7.640672449926950126e-03
2.853112736997012993e-03
8.463465316589683166e-03
4.793509950797819434e-03
-9.536434523618190356e-03
2.663546393714882887e-03
2.172024249133972830e-03
-3.268530031814645929e-03
1.678086363375298187e-04
5.164529566749993458e-03
1.068895230439285103e-03
-6.945193268220266856e-03
1.691973780222744530e-03
1.637657195795476557e-04
-1.286531869495284629e-03
1.237181948482279220e-03
-6.668228711634394752e-05
-1.511761513738830694e-03
8.721372814690342120e-04
9.458991088506368827e-04
-6.536547294784993481e-04
4.374973693829493199e-04
4.149483230975833004e-04
-1.286863333501764468e-03
2.016463840192710567e-03
1.386781245887857021e-04
-1.685374414204502628e-03
2.316007977872862680e-03
7.345424714056347174e-04
-2.347226376555948749e-03
4.231784612968518110e-04
-1.497038692690676155e-04
4.225442359944631734e-05
6.909222064030158365e-04
-2.914938492682311887e-04
-6.486726564481649091e-04
-1.149575682463250392e-04
-7.969531617664295546e-04
1.543603560734714141e-04
-1.051769026462003357e-04
-3.305865856487021233e-04
1.975735524605014596e-04
2.775242032714109741e-01
5.377612530577320360e-01
1.737351240332762226e+00
2.917989896292445096e+00
2.264929890464175255e+00
1.819130646976518106e-01
-9.362962074854343231e-02
6.249616857238567968e-01
4.962002922702660190e-01
1.040100409812164950e-01
3.213931696555564262e-04
-1.043582878411553088e-04
1.090530078923803131e-04
8.761240374479011602e-04
-1.105918384196705921e-03
-2.598008243913246113e-03
1.307937057439360245e-03
-6.013932824594783125e-04
-1.117718788910622614e-04
-1.479166272608503120e-03
-4.184385668422326921e-04
-4.707853111458691793e-03
-2.925461687135698027e-03
3.794645738274851111e-03
1.206526393963350784e-02
-2.836105323074220811e-03
-1.479197068928635389e-03
-3.698254193039445317e-03
1.505989640279857891e-02
1.047514641969429956e-02
1.355146785243506631e-02
-3.925356467202828145e-03
-1.388042458234493674e-03
-2.302665822902600842e-03
9.984260070557988281e-04
-3.071855012344994456e-03
-1.467328754840866931e-02
-5.840253483025991711e-03
-9.541409037905590820e-03
2.861926746739518190e-03
-1.115367923922239331e-02
-1.324683374129070716e-03
5.051334170599099940e-04
2.291864137282609119e-03
5.942599833940301378e-04
-1.973802161897658669e-03
3.958560796139155326e-03
7.569030194721024056e-03
1.356956705873334224e-02
4.892758805519005320e-03
6.944219427865959415e-04
-3.310415650403109554e-03
2.011973258439601550e-03
-1.933016853838453791e-04
6.268247823592322174e-03
-4.000045761026173319e-03
-5.848387465336083932e-03
-7.989417752392704089e-03
8.425926010007571409e-03
1.179254902190531376e-02
1.306766187425370367e-02
-9.710681178314565024e-03
2.186401128376834046e-03
-1.115925749164039735e-02
-1.495521275040624827e-02
1.527096210207884615e-02
2.048092388857403537e-02
2.363059472563394658e-02
-1.748094234224485330e-02
3.453753273266938536e-03
-2.161367986741439401e-03
-4.920937312593704621e-03
5.834278882101025937e-03
8.094969755128068184e-03
6.987957850852320393e-03
-6.127135731505625738e-03
1.537605986701099563e-03
1.790619251048063435e-03
-5.860194880036122527e-04
-7.927386725283331383e-06
1.221066734409863037e-03
1.351742054425466265e-03
6.943606857402424620e-04
-3.779891176578422049e-06
-8.165653780933262865e-04
-5.670414549991628118e-04
9.032470244844583319e-04
-2.981911884792860573e-04
6.985988323104612560e-04
1.079286036903072225e-03
5.972205169773337494e-04
-1.809836109529989242e-04
4.330978344291663514e-04
-5.747998817970754321e-04
-2.073635745361396515e-04
-2.744302025549755052e-05
-4.700325154845262144e-04
-1.115355650538340159e-03
-2.619181702949610163e-05
1.190422844452161200e-03
3.784125139080731144e-04
2.308841718224876986e-03
-1.028513516260534319e-03
3.305783362402401780e-04
5.561055934268665547e-04
3.019887619881187575e-04
4.054678070933583761e-02
1.249339362033571876e-01
8.356141062284938581e-02
7.018016293714409749e-03
-6.498738077766146384e-03
-6.444300009996782944e-03
1.511666527321731991e-02
-8.456883831743517918e-03
-9.231628063809742615e-03
1.977585448395143691e-02
-2.049936799336957768e-03
-4.256344556721683957e-03
6.567418143705462241e-04
1.264315666868699164e-03
-3.224540802639472379e-03
3.727710653714242858e-03
-3.205646170446681872e-03
1.297833611223251997e-04
1.272760719128573914e-03
-2.698035213614891938e-03
2.440952832375761772e-03
-2.256721281370924117e-03
-6.548875496219308057e-04
3.194327333198653624e-05
-2.559273504794181428e-04
-9.606389155319631622e-04
5.163253859227297411e-04
1.074015044754836958e-04
-5.521070495620371098e-05
6.830687657379692348e-04
-7.493601178544698031e-04
4.519951073404160813e-04
-7.709794697755245575e-04
-1.152959139837547552e-04
1.902230517934201909e-04
1.777469670971742427e-05
-1.947568989337955959e-04
-5.296887259545689751e-04
-4.410982361541162383e-05
-4.014037511018345291e-04
-2.487177675814339307e-04
-1.032346049205069298e-05
-3.546337387742207312e-05
1.333521868939444054e-04
-1.144711066173691307e-04
3.226396016740009579e-05
-9.377775940394447946e-05
-1.427983514139090642e-04
-1.759677650662810975e-04
-2.034653465561049303e-05
1.867097399874927946e-04
4.035337597014425348e-02
1.245328047006183242e-01
9.108275424681390453e-02
1.482349951109971503e-02
-1.386208452213833972e-02
9.294080973794183881e-03
-3.478281231585721688e-03
-2.107469044703961028e-02
1.215615358628149498e-02
-4.560579435990108968e-03
-4.555670736675188244e-03
2.311616695851774050e-03
1.720262656581325730e-03
-4.707868484454272306e-03
-1.564072488391061652e-03
-2.438431002214276524e-03
1.877758102464248012e-03
1.626435235773597988e-03
-2.862531269789496922e-03
-1.370617038446916413e-03
-1.662026952633490580e-03
1.119991586173023183e-03
1.391934124626859233e-03
1.088889485709839972e-03
-8.782232848602431656e-04
-9.242872000974636725e-05
-1.180284923076952309e-03
-1.237295076095496242e-03
1.289277018605872399e-03
6.517910093118344872e-04
-4.295480292785912985e-04
3.971424223497343011e-04
3.434593321519148652e-04
-1.660209853149906354e-04
2.210918579004430965e-04
-9.060191060511595942e-04
1.771625434574132898e-04
3.684898534067315690e-04
-7.080552142813478431e-05
5.885021219709777760e-05
3.649784702931304628e-04
2.886638514868588700e-04
4.405392754339032698e-04
2.330560895255519695e-04
-1.496856979278266843e-04
-1.216471821696374166e-04
-1.908433981395075301e-04
2.092833561606412577e-04
-2.450578710156011046e-05
-4.812966387415210952e-05
1.982263218677614704e-04
3.714732788082972248e-02
1.206565578465367411e-01
7.068111984287814287e-02
8.051275063107363184e-03
1.937202444957545136e-02
1.126205873996575894e-02
5.078922272311997207e-03
2.408414609152300864e-02
1.414547922347798165e-02
8.855247710384997473e-03
6.791101679145233015e-03
4.269083724202146941e-03
5.287179806717170853e-03
6.547271472499866830e-03
1.765264514679062719e-03
-3.847733699975405645e-03
3.025672803677147051e-03
3.697969553887583104e-03
4.319165322568042399e-03
2.726804111815438626e-03
-2.635240494139893131e-03
5.182299745341439196e-03
1.945882225675565598e-03
7.776444085578859515e-04
5.282140848358650529e-04
2.458832592409000586e-05
4.499594754908219476e-04
5.932464252195859605e-04
2.124070459367970783e-03
1.574064628311351967e-03
-6.130174214946867983e-04
-1.406295794465328057e-03
-9.018041608707459515e-04
9.047869478422067204e-04
-1.728649428555718869e-04
5.159061787841993625e-04
9.880172433436541432e-04
-3.344418247055151337e-04
-1.238713586695872233e-03
-3.400409588112027464e-04
6.390896846558911373e-04
-3.180457455186558644e-05
1.092787685497717765e-04
4.113490114085404888e-04
-2.147633341102540068e-04
-5.270566295820132896e-04
-1.065436534409732459e-04
-6.975899915921277223e-04
5.640087856184498768e-05
5.001216434398469133e-05
-1.238081495879979582e-04
3.783428209712732387e-02
1.220933019978139716e-01
7.015735864308798864e-02
7.965255930855844740e-03
-1.608265996377611362e-02
-4.804486263881793326e-03
1.563709209276153630e-02
-1.792578582057220357e-02
-4.465154268323731114e-03
2.226190050384752386e-02
-6.894786831986907290e-03
-3.400710625807481288e-03
6.142421867230121388e-03
2.062239100211977604e-03
-2.093401934073934028e-03
2.114662512847293070e-03
-7.547603733391207957e-03
3.481040739083637956e-03
4.394537457359603649e-04
-2.069769180400982730e-03
3.445750986002372659e-03
-6.644648012990728679e-03
1.457597642780350576e-03
7.960368358307469199e-04
-9.343514771164728892e-04
-1.721431057810593557e-05
-1.462760661300510677e-03
7.295205833467077391e-04
-5.537605816171600704e-04
1.003435409513972650e-03
-5.953819881913387322e-04
-4.228100968364697501e-04
-2.313977275894941055e-03
1.853551231589038034e-03
-5.764087425279881393e-04
3.458202122904791335e-04
3.535289369109526091e-04
-8.655006155343676752e-04
-1.619068562242522433e-04
-1.622764559832702179e-03
5.791025271806471853e-04
7.721356121698039361e-05
-1.668941758811146904e-04
-3.769574989832626284e-06
2.245010273193044767e-04
-3.736005500632953963e-04
-5.376024003211810239e-04
-4.263461291999294284e-04
4.346090892994868850e-04
-5.060320696976772995e-05
2.883473985256107417e-05
3.885196536466165029e-02
1.221427123382459595e-01
7.980088078162020371e-02
7.736306592208990265e-03
2.553625549348568710e-03
-1.509590854159691478e-02
-9.167778908278226627e-03
3.366500197208844008e-03
-1.997323241213265835e-02
-1.321049358620605789e-02
2.608830722110580449e-04
-2.176733018672286513e-03
1.776584256541516001e-03
-1.259047135660674869e-03
4.910107752325441020e-03
-2.445346665155897093e-04
-9.172912363961244469e-04
-3.753162558331689901e-03
-7.313750410574126068e-04
2.518956118802331834e-03
-7.442198532876492627e-04
-1.824872320853485822e-04
-2.359997880993635645e-03
1.039006677933735820e-04
-2.631025211665922146e-03
6.253654353944635520e-04
3.355056292798490889e-04
3.961988142769830301e-04
6.944888121708963410e-04
4.353753815501925891e-04
-2.935786562988111550e-04
5.543706378712026824e-04
6.263745136959319461e-05
1.170366817433508410e-03
-2.611919981923757346e-04
-1.303923801568226417e-04
-4.329765124733158006e-04
2.924323266928423965e-04
-5.201915214750399419e-04
-1.581828369911103831e-04
-7.052725567639098843e-04
-2.469367562619073815e-04
1.290751015800679045e-04
3.656255357926709829e-04
1.239106671593312502e-04
3.033032773248956794e-04
5.381127383901340711e-04
-1.812868786446323243e-04
2.716262500944637112e-04
-1.497924865300211507e-04
-2.591634816208585631e-04
