1.397595216422566344e-01
3.450401358373286764e-01
1.149995438082871635e+00
1.819399263070792916e+00
2.181169716925466240e+00
6.306973971773958132e-01
-2.088972639099060946e-01
3.987132850789469884e-01
4.052806921644058202e-01
1.633286755229286513e-02
6.630871686165060955e-04
-4.067478149029481811e-04
-8.307269353414191730e-04
3.140519895181632850e-03
-1.782175570899118770e-03
-3.438203201607261186e-03
4.931803465982803787e-03
-2.885561431447668419e-03
-5.885243151633492292e-03
8.926776460735100444e-04
-8.174160387311007461e-04
-5.616328051578989636e-04
-1.392838456998345305e-02
9.372439322014571028e-03
1.462788527243622828e-02
-1.569331740577022821e-02
6.288977278678172834e-03
2.201788801477277263e-02
-4.197806175909592555e-03
-2.041150533103323894e-03
2.433718505851762900e-03
1.371555561516633534e-03
-1.215220897108508068e-03
-8.060736277999534403e-04
3.326012039986564559e-03
-1.229850926412029118e-03
4.213804013434984709e-03
-4.121190346681448576e-03
-2.413744704769069278e-03
1.048700328961712537e-02
-4.081815583983717209e-03
7.771458784806674694e-03
-7.766594792672167416e-03
-5.037789289315245354e-03
2.033998165331956168e-02
-6.988571446096667264e-03
9.502014186606367110e-03
-4.129145719253265318e-03
-1.665332087928076332e-03
1.227948903669156579e-02
-6.074212498113329070e-03
-1.540293726657490344e-04
-2.078420937246740923e-04
-1.127752201740979919e-03
1.017918370283603510e-03
-1.337562358078829648e-03
5.865981130248962153e-04
2.446256712890434656e-02
4.901727367758756428e-03
3.935318122918255584e-03
1.609898804474546238e-02
-3.568406080683134314e-03
1.397379255916402808e-02
1.199914763195386288e-03
3.217531948309399620e-02
6.214549205203493722e-03
4.806976842792735037e-03
2.164235045203523680e-02
-4.113492614787049237e-03
1.719915155132386089e-02
4.469139011669290111e-04
4.375262054821812442e-03
3.448032084815863497e-04
1.961305001370734248e-03
2.144577225692406112e-03
-1.079188669563492997e-03
1.168230368020585063e-03
-1.844494881855232409e-03
2.453673895334559062e-03
-6.041487068612151666e-04
5.129343583856603439e-03
-3.271064700749606955e-03
1.064398833257981965e-03
3.541464214594522951e-03
-1.494159396407914418e-03
-4.705122725542300668e-03
-1.280394809945804022e-03
3.342466871921343820e-03
-6.733452736938988145e-04
2.614759809157498737e-03
-2.752978288862115760e-03
2.601180532951336520e-04
1.452140132752622248e-03
-8.525153425839941375e-04
-2.670999950264992852e-03
-6.346290220300752991e-05
7.363651863927534466e-04
-1.107347628872336863e-03
6.203014207786296816e-04
5.643800408395422113e-05
5.801012967275861543e-04
-6.552793944866551869e-04
-2.107712445373351022e-04
3.057268365454881881e-04
9.580819965830799528e-05
-2.726790949102864538e-04
1.406494829642262745e-01
3.434468920185763663e-01
1.154258557126167872e+00
1.817467100283677306e+00
2.191388551321559852e+00
6.253229414288344890e-01
-2.100846998541853750e-01
4.131850752218451661e-01
3.072271526758195703e-01
-2.326852358221977862e-02
-1.524776594228523252e-04
5.388671108044529773e-05
1.378266009517214010e-04
-1.159112090634368321e-04
-7.871114373827304634e-05
6.775143926491241980e-04
-7.822767838491468751e-04
2.428072851894391975e-04
1.119113940213501378e-03
8.229177725714947834e-04
-3.114033656871794038e-04
1.968675065720026452e-04
-2.259184389974172764e-03
1.610536709039007497e-03
-3.439539177336832423e-04
1.014514838744411292e-02
-6.747612064697641396e-03
-1.244092721733949629e-02
7.474919130171112612e-03
-1.345536722314817591e-03
-3.765712245262501333e-03
8.972293670350900766e-04
1.582132421906631576e-03
-1.281142874885132961e-03
-2.238784286556572481e-03
1.194578764022233947e-04
2.192391936418082096e-03
5.305627076679297720e-03
-4.052054064450326398e-03
-5.757669817079489119e-03
5.411741752500756879e-04
1.487461052963136993e-02
2.203946261598804801e-02
-1.751119121708893250e-02
-2.875418739725778272e-02
-2.675640178122648972e-03
-3.607934600368114739e-03
1.704477890068697987e-02
-8.720973399828406414e-03
-2.172489194154628156e-02
4.003848415011709849e-03
-7.069658042587628234e-04
-1.614453673046850743e-03
-2.492241605301274889e-03
4.043647475738322908e-03
-7.165991859806428339e-04
-2.261842266058256001e-02
1.044406517113628460e-02
3.553151676587746818e-03
-5.073994563547116164e-03
1.160779758247596286e-02
-1.690312750999699645e-02
1.070206229306039369e-02
-3.252593627288957040e-02
1.561035671340442119e-02
4.836754597015671675e-03
-5.464050617201095597e-03
1.712905641236636342e-02
-2.519463376113477079e-02
1.721571909210747875e-02
-7.751680402592075504e-03
4.439252754522994733e-03
7.581432573304085773e-04
1.519971429652083612e-03
3.751635790352307598e-03
-6.474843957465415203e-03
1.361793961386724601e-03
-3.835531620343658158e-04
-7.055764647326497919e-04
-1.941839111266518460e-03
-1.328195610179678382e-03
-7.944981882533433968e-04
9.845204220495801933e-04
1.312518158806793168e-03
-9.442491250240957635e-04
-1.708412851692396378e-03
6.219383654242094947e-04
1.723097957255340790e-03
-6.283307601226578200e-04
1.635553451669906810e-04
-9.120393652559898555e-04
4.562661271172257474e-04
-2.754522534555311716e-04
3.207110787187275537e-04
1.313352704757751613e-04
1.003936739158573519e-03
1.833065043666275715e-03
-1.424960093936096820e-03
-6.960719678366675365e-05
-8.800683535361008029e-04
5.863878927644546567e-04
-1.153877903865811608e-03
9.469827507816472138e-05
-1.189379646877124469e-04
4.233122088987438048e-04
4.248399403890272172e-04
2.773668274110993037e-01
5.373949708810981107e-01
1.736278887599173482e+00
2.915781702250903162e+00
2.263700754303387797e+00
1.845715288002637566e-01
-8.995379392021915499e-02
6.197235416103817895e-01
4.945193690679692833e-01
6.614008968045893833e-02
-1.022409596408508248e-03
2.510823604689322295e-04
1.009547393357252548e-03
-1.253884256017438401e-03
3.475197732309231015e-04
1.351870582036517748e-03
-3.909244576975911580e-03
9.229972813437237623e-04
4.030967396596971293e-03
4.644582231022950300e-03
-1.101231325493483119e-03
-4.974977237396362335e-03
8.588408010642695559e-03
-2.584080460075392164e-03
-7.454193354982333042e-03
-8.644221838012512357e-03
-2.219295488405689191e-03
6.868585514930947676e-03
-1.919027313424185449e-02
1.151819577432266865e-02
1.179860063760046138e-02
-1.706572797537325627e-03
-3.119292205798753111e-03
2.239471333325518485e-03
5.456613077853132709e-03
1.161417317002364554e-03
-5.323961051419604136e-03
-1.184910030669207755e-02
7.394119323716247597e-03
2.164046929959926105e-02
2.742789314293520714e-03
6.982048740537752244e-04
-2.519953429337414702e-03
-3.898636639420856136e-04
7.110842491104809628e-03
7.156937058898337747e-04
-1.046289791147074835e-02
7.358242098736735015e-03
2.638534050090352977e-04
-1.133955422984431367e-02
6.673016239052786611e-03
-1.045530061804198114e-02
-2.873010625556737981e-03
3.263658487722934966e-03
7.028939809515518744e-04
1.157011785167714503e-02
1.619568158354280432e-02
-5.735147753540059679e-03
-1.624838163566996296e-03
5.802095501459310009e-03
-7.416997748012457356e-03
1.005016575909298271e-02
-6.107039114624211902e-03
2.763877937647173100e-02
-9.684233782738528931e-03
-2.229106031335857316e-03
7.687304258818881096e-03
-1.345912885470643486e-02
1.772605004547410379e-02
-1.045247326342847206e-02
1.239987978657468293e-02
-1.624787929813469207e-03
-1.359998275344332036e-03
6.834958836549528136e-04
-5.590176804917303469e-03
3.855596127912091272e-03
-3.056325954759762497e-03
-7.640230237377837247e-04
3.109809307284357627e-04
-1.767369718442231893e-03
-9.763689111346288184e-04
-1.829130648752507490e-05
1.082731413457772575e-04
1.452646426793703389e-03
-5.913126951705913181e-04
-1.341529136658515121e-04
2.323363369633680829e-05
1.310573348478151490e-03
-1.360199981519477760e-03
-1.566130018849989491e-03
-1.703489809334156747e-04
1.232114811023955216e-04
1.857052538534835311e-03
-1.265549815893816628e-03
-3.902282477813989736e-04
1.159668567032311713e-03
-2.339858588737903262e-03
6.261238016456241451e-04
8.450125889798089005e-05
2.749779895129320756e-04
-2.224310177666970342e-04
-2.763039427374471761e-04
7.553890135425027049e-04
-7.561453018304429684e-04
-1.040461772630054077e-04
3.732798880993969354e-04
2.774376685503591733e-01
5.367406012128345116e-01
1.736347171464281303e+00
2.913481906744286309e+00
2.264903788551051456e+00
1.820203222998922343e-01
-7.410094911339877577e-02
5.713569482663083399e-01
5.446284039218156625e-01
1.170139237054812625e-01
-5.869879440219028270e-04
-5.969785552269288482e-04
-4.064355978534343146e-04
-1.578392279090362008e-03
-7.504880628827992025e-05
-8.684604757092105652e-04
-2.368395425635258077e-03
-2.151840045758516683e-03
-1.699678342228986075e-03
-2.372309088003379395e-04
3.778790570541009589e-03
4.185797181262547288e-03
1.396216087886984099e-02
3.272800750063834582e-03
-2.611746674943389232e-03
-8.446793444314999039e-03
-1.084850803764798866e-02
2.024805635902656668e-03
-6.804364696918266397e-03
-1.277006093599133973e-02
-4.392891920399121831e-03
-2.898720742114312739e-03
-4.115369466620874550e-03
2.160333675383388063e-03
6.293409043526705486e-03
1.812206946011652711e-03
-1.034437793784021530e-02
-1.609588825128484627e-02
7.973628487388476765e-03
2.310655695416636429e-02
7.392360968936128977e-03
-1.159470787501929888e-03
-1.088452309409057225e-02
1.182861018957007517e-03
1.565035729010206406e-02
1.054511545865554310e-03
-6.651688912152476166e-03
2.074070657874191662e-02
-2.681652217172377384e-03
-1.406866939138400573e-02
-9.748500732036131586e-03
-1.344070000527248327e-03
3.246926849553692391e-03
-5.052383422924437142e-04
9.230839711182807321e-04
-2.038216522730287254e-03
1.112157273082113942e-02
-8.781247777918780445e-03
-1.187722230699679409e-03
4.571833899303195253e-03
-6.902217385365884590e-03
7.422830732447823800e-03
-5.830909869055663809e-03
2.750626969642291225e-02
-2.071741009064552441e-02
-6.575766998699788049e-04
7.276935613824726291e-03
-1.993759509355644624e-02
2.526122091599994346e-02
-1.377389162443244316e-02
9.661719179227076792e-03
-8.299681986513988280e-03
2.078906900346948737e-04
4.376627708254620872e-03
-8.195216767297086938e-03
1.112551882607046641e-02
-6.723887656481744406e-03
2.701658949241572943e-04
-1.857783046159280829e-03
-8.469709118817520237e-04
-2.089393956705616357e-04
-1.694782336247416775e-03
1.139738506013238638e-03
7.285988947871751328e-04
-4.040450402819685820e-04
4.214318203901988602e-04
-1.318970253017161948e-03
1.912358847670681981e-04
-2.971440006269082147e-03
-1.930503455457130641e-03
-3.327166111642241349e-03
8.539812626223449810e-05
3.109196781787298795e-03
-1.629169352874056554e-03
1.478313833650449216e-03
-1.078567114187139022e-03
-1.061958235335400905e-03
2.058179735205036866e-03
-7.841736316967563066e-04
3.634979145089328885e-04
-1.165309086556323747e-03
1.023044168364717647e-03
1.415076684168380724e-04
7.536156884136473904e-04
-1.118943106690544484e-03
7.204951559715479931e-04
2.772733343762844305e-01
5.374922367105143817e-01
1.735820757714371165e+00
2.915526727060151480e+00
2.262965021750803718e+00
1.848264650838395695e-01
-8.623833308867738523e-02
5.987684339218191099e-01
5.349595467535378512e-01
1.086335506443438931e-01
1.820151507700726670e-04
1.225003061653055390e-03
-2.130518589900681336e-03
-2.929905802644364068e-04
1.685953885829177172e-03
-5.117336279656694610e-03
5.083426126632922294e-04
4.830548152427529413e-03
-8.871095365065287744e-03
-8.898501596318195627e-04
-6.063787581272322112e-03
1.009513177192764705e-02
-3.715180143924893055e-03
-8.416113122030801502e-03
1.613556556204092524e-02
9.436393300690527550e-03
9.299061454126195808e-03
-7.211153558718076673e-03
1.268164108747307263e-02
9.070421598709443520e-03
1.658011266739666412e-03
-6.567819834453908229e-04
-3.293956826008341381e-03
7.749776462863407211e-03
1.337447168161223516e-03
-3.099079510192828007e-04
-4.610584951644281643e-03
-1.090337103891245163e-02
2.857575447209160027e-02
5.679176905610346451e-03
-9.476584216387181746e-04
-2.520804831310769541e-03
-4.479123023693361294e-03
1.284962189174030690e-02
7.603440288798235915e-04
-4.058363669659709248e-04
1.614597242199236615e-02
4.818861380057912029e-04
-8.088951316295670685e-03
-2.728312865002915314e-03
1.160661496755055824e-03
4.741410714684368699e-03
-9.875164497031771720e-04
4.227880500755558379e-03
5.908573300466324644e-04
-3.785742138471020926e-04
1.715254797790640579e-02
-1.829041778621108127e-03
-2.649322708832947595e-03
3.667045961778895094e-03
1.743907244560847537e-03
8.149139939977394220e-03
-9.160283371622111523e-03
3.469185705748805554e-02
-5.711477117387833355e-03
-7.451484709319083910e-03
8.780136963073682452e-03
6.621113457609425048e-04
1.554257345385400176e-02
-1.800527261867577999e-02
1.225851107806892777e-02
-2.066792335159647073e-04
-1.908991638469088219e-03
2.148375076118986659e-03
-1.362069444797953718e-03
3.618061241403198753e-03
-7.580356574594033711e-03
-1.049969807099270002e-03
-2.338379261509313575e-03
-3.714641061856187895e-04
-2.151171182093337270e-04
8.814452476113254472e-04
9.691448746555402860e-04
-2.378676269902534491e-03
2.089098781159449362e-03
-1.757495986053551939e-03
-1.750708761410618708e-03
-2.728400849225273619e-03
-1.713434649682560578e-03
2.918788624918490179e-04
8.872871979466351615e-04
9.256066758338630900e-04
-2.157310332657804038e-03
2.250608860173003434e-03
-3.319180917654790831e-03
-6.861187486401365294e-04
8.656706127952247445e-04
-8.197386744919933762e-04
5.751817785089502521e-04
3.472941773360723665e-04
-3.443798509422386737e-04
-2.561246203353905072e-05
-7.404250435012637481e-04
1.088089315926464822e-04
5.266758458863690824e-04
-1.777969782338526331e-03
3.690567633869355074e-02
1.167346434970777391e-01
7.895051076022803482e-02
2.192021958499348888e-02
-1.697029922897441701e-02
-1.375713291966384859e-02
4.727057602305043300e-03
-2.765055728910773003e-02
-1.914372737526477339e-02
6.091185837707758025e-03
-2.453611281019519100e-02
-6.078487382090001605e-03
1.837550241613121514e-03
6.962336613042561552e-03
-1.878385810333944687e-03
-3.880912642432059623e-03
-1.936009477587531842e-03
1.517153645218030080e-03
9.367643072368014509e-03
-2.490650472276273713e-03
-4.747746272513878388e-03
-3.245746502990256958e-03
4.036396112312855451e-03
2.696591686592473332e-03
6.424408789388674160e-04
-3.352971987609893768e-03
5.998131844051551387e-04
5.032033859106929685e-03
-2.172182495258034602e-03
1.635404951920365474e-03
6.595264343172670607e-04
-1.021076373401209577e-03
1.123451116757078752e-03
4.090046627249824523e-04
1.233465626082417893e-03
-2.809489490059265387e-03
3.576644164898539402e-04
1.008047782212959965e-03
-3.718365759100160828e-04
1.762438921620802530e-03
-6.009922888134788376e-04
-5.793595839061881515e-04
5.151750340207587441e-04
-6.060032740931388292e-05
-2.009127153148838809e-04
2.742977499957950757e-04
3.143871546176092539e-04
-5.190079006414544815e-05
-3.429824119568869283e-04
5.203702773014674127e-04
-3.652685702560830500e-04
3.705542920948248775e-02
1.179810396432178637e-01
7.878039670971971609e-02
1.914448661063044080e-02
-1.482972125757851117e-03
2.058943314315487064e-02
9.035537284259936505e-03
-5.260811812266264452e-03
2.968274201920077793e-02
1.294817186028849806e-02
-1.107900016565995828e-02
1.337896537383664007e-02
5.488280308583677602e-03
-7.429894083703542399e-04
5.610794020667562824e-03
-2.475434323102965704e-03
-2.239017913145439030e-04
-6.430751951409149555e-03
-3.835710380326358502e-03
6.271708477154899763e-03
-1.549749057889593731e-03
-1.545653389970984238e-03
-6.869709283454239999e-03
-3.705983613770105420e-03
-2.097129640713665214e-04
-1.313004989762390096e-03
-1.662197723428547125e-03
-1.668886213437937368e-04
-2.032376468025072058e-03
-3.362296111394425012e-04
-9.265928083740118074e-05
-1.565833793753879447e-03
1.644281196174198834e-04
-2.542567236891381862e-03
3.766109995048195548e-04
-8.048616901049444666e-04
-1.035462252214405191e-03
-3.101224559759051150e-04
-4.412693481400399554e-04
9.296553532772712221e-05
-5.952165571425585165e-04
2.236579684954644043e-03
5.249732463562523229e-04
-3.612535673654707589e-04
1.725892074280285674e-04
-2.804211956254488818e-04
6.654824472364862713e-05
-3.288917151995448569e-05
-1.743472421347353201e-04
3.262334468572027622e-04
2.736253897323886650e-04
3.770784811307512779e-02
1.223201722059242130e-01
6.698221550514030231e-02
7.410443001813514681e-03
-1.608759562883486580e-02
-1.533309581666158876e-02
6.367937358440108921e-03
-1.875577341490174132e-02
-2.009716010800343539e-02
5.909792199950303360e-03
-5.763962694818150143e-03
-9.913526630847562318e-03
3.545772349024692380e-04
6.822628460492834689e-03
-2.756081528936695727e-03
-3.333238859427310220e-03
-3.023200725323576133e-03
2.933800388152866916e-04
6.883502549514306998e-03
-2.702180061600086784e-03
-3.611338532204908143e-03
-1.272960475530002429e-04
-6.545379591051487742e-04
2.059268123865394887e-03
-5.398450605510543565e-04
-1.344964642723841088e-03
-1.755514366587790137e-04
-8.826097744132015534e-04
-1.571783742971574879e-03
1.501877356785286631e-03
7.792630143451621935e-04
-1.016184270612904318e-03
9.205905067905757527e-04
-1.052115466769745961e-04
1.512305640830463160e-03
-1.265111674286116712e-03
3.473099920681455878e-04
5.636096185234647227e-04
-5.108214254432152240e-04
1.072326026698905204e-03
-1.285114290068045499e-03
1.121119814297668422e-03
1.982291945907900847e-04
3.082179222343008691e-04
-2.542505543361289473e-04
4.057478075063561374e-04
1.968309816368152612e-04
1.817307373566413853e-04
-3.325599499967760273e-04
4.561282017883414963e-04
-6.442287702860940773e-04
3.833622826235962705e-02
1.228180022719026904e-01
6.962516562539138032e-02
8.215209914713103231e-03
2.174233361279813426e-02
-7.831098707204933382e-03
-1.658091577132498251e-03
2.627155802573249294e-02
-9.687621589681914835e-03
-1.416121435847947363e-03
8.024296802419544211e-03
-2.494374284928835674e-04
-6.681210672802507427e-04
-5.317500872876887268e-03
1.472902886159495068e-04
-4.436048675061138660e-03
-8.146166865085477035e-04
5.945948323342263066e-03
-2.924765589678295953e-03
1.447873140794789313e-04
-2.705964199665133758e-03
-4.563538322260803667e-04
4.940504437748407911e-03
-1.791107110301994379e-04
4.071536303885226149e-05
-5.384557430949711565e-04
1.052387050758425572e-04
3.800981871136605494e-04
-2.093101908950503829e-03
1.749944679145894384e-04
6.238599462251929713e-04
2.662714689995073067e-04
-1.642760175311974626e-03
-1.230285610083755395e-04
1.509789885469217576e-03
-6.285222082644103397e-04
-1.333740735094339600e-04
-2.691320944432938067e-05
4.631829109861383432e-05
-3.202630673257389981e-04
-2.490354919772534749e-05
3.367008043714829935e-04
-4.441663047949828886e-04
-2.140033882092391866e-04
8.885339442606418169e-05
-3.662572620142482972e-05
-7.190905755500487568e-05
1.288113609827479494e-04
-1.801127702682678560e-04
1.217031197623314506e-04
1.024459113885277563e-04
3.779716980462473341e-02
1.216941104065510371e-01
6.642356170438125373e-02
5.853615587521463284e-03
-2.178031372519062883e-03
2.137530281742298574e-02
8.798256143622397787e-03
-6.350527428688458554e-04
2.447961217647392704e-02
1.043910929449606839e-02
3.297657912426067380e-04
8.628960876778793421e-03
1.177228504600549277e-03
-1.264183100784969883e-03
5.467267990329491636e-03
-2.532145893426577480e-03
-6.616044488057941679e-04
-6.505353001496591223e-03
7.364536966697999513e-04
4.140536364710415730e-03
-5.660706288694390600e-04
1.070396226249904813e-03
-5.068697557818768219e-03
-1.949832740264016741e-05
5.980783195525135078e-04
-7.391325773834246920e-04
2.073764611206455749e-04
-1.362264735413072853e-03
-1.943598695393616979e-03
-2.786436626557776031e-04
-3.160431715339476460e-04
-1.307992318471813166e-03
2.977733902186612878e-05
-1.943150607445704890e-03
2.506198725284416355e-04
-1.123208281971802783e-03
9.504455176760001145e-04
4.035575148008306253e-04
-3.866099210194036721e-05
3.699331046419357112e-04
-1.257728381569328492e-03
-1.612086303609150016e-04
-8.566534398372159707e-06
-6.201693076545474045e-04
2.908640587938838228e-04
-2.365401329901224903e-05
-8.017055951261293080e-05
-4.651829106256736955e-05
-3.024572725984316828e-04
-1.844585222540078093e-04
4.733188539968284105e-04
4.083691970654442643e-02
1.273164981887608127e-01
9.163665725407674212e-02
1.132451918757486006e-02
1.074474152169867941e-02
-1.278429939181028804e-02
6.769834653120204368e-03
1.544776418955928071e-02
-1.960829081601301108e-02
9.099197731094056663e-03
2.676685014812872111e-03
-3.633999359570645998e-03
4.792774137135938535e-03
-4.803450380710781384e-03
-3.110250717477649508e-03
-1.893467633285759793e-03
2.149916283975907439e-03
-7.932877439946235546e-04
-3.317183094668732513e-03
-1.929192410530849913e-03
-1.865849574369173470e-03
2.782503297474541067e-03
-1.112106223641503612e-03
7.121828498737759611e-04
-5.739961833034518558e-04
4.218199422406344553e-04
1.095131987301079272e-03
3.500067019987497080e-05
-3.424813775657419663e-04
-9.477832967283405770e-04
1.169012594069769622e-04
-5.782946408125176629e-04
-3.577254208666743370e-04
-2.508598892342288724e-04
-8.798634056561479297e-04
2.119390651884597648e-04
-4.448771355224114790e-05
4.177811324026854851e-04
-4.232734257990606133e-04
5.709787544863063110e-04
6.120021295829530372e-04
3.731591113449001201e-04
-2.187343819639578552e-04
1.441120918382149895e-04
-4.089827372921849143e-05
-1.166368876115524811e-04
-7.945576841422431714e-05
1.757855699855206402e-04
3.193708271276722620e-04
4.815703130305703898e-04
4.062552425598790892e-04
4.056477728319227843e-02
1.263390425673853179e-01
8.474270970874651920e-02
1.124512590836162194e-02
-8.915299295731067900e-03
-6.736881771362792336e-03
-1.482005483324657855e-02
-1.177459189446036086e-02
-9.604666120896131198e-03
-1.898516021739039480e-02
-3.413654158450773676e-03
-8.935605278455981256e-04
-3.067386310066043224e-03
2.080164822174690540e-03
3.410302699255429639e-03
2.851166659193552205e-03
4.130199241831697225e-03
5.900050725996591403e-04
1.560623846787980362e-03
1.844827920367195272e-03
1.831254769859081690e-03
3.377676352302329699e-03
-1.069584425924652458e-05
-1.501035882244791176e-04
-8.391725361841349687e-04
-4.853642948648466339e-04
2.045686239901166271e-04
-1.073702668289735454e-04
-3.392351221652290644e-04
-9.851832343433291825e-04
-6.756890560225883033e-04
-3.389503569736783178e-05
-9.060040147067014273e-04
-1.652330371566203726e-04
7.302959447926283556e-05
2.837056306683043453e-04
4.579888650125290466e-04
5.083745980386771956e-04
2.422758783851356206e-06
-2.125244262691421495e-04
-1.598474991208865376e-04
3.029443821875729627e-04
-1.084518872540770484e-04
-2.423176538410299068e-04
-5.819805048335525196e-04
-2.511656945745704105e-04
1.221469113204083569e-04
-1.951138946008050697e-04
1.398927286352879510e-04
4.541588811740284630e-05
-2.398707878867113638e-05
4.003101964484696157e-02
1.241679696225284762e-01
8.793290568978084920e-02
1.011759761159026182e-02
9.707087026513629494e-03
1.306488300228138971e-02
-5.739697538814324089e-03
1.465645544914116576e-02
1.975535843873236358e-02
-8.798055160468828267e-03
7.062612057038345197e-04
3.437425143272318517e-03
-3.752337168176412587e-03
4.619667748356969320e-03
-2.588867766062197956e-03
-2.275015762182030620e-03
-1.817538002546772958e-03
-1.387314857009651131e-03
3.804181454382577800e-03
-2.323235815463363819e-03
-1.252921698739649196e-03
-1.637863748586928809e-03
-1.157633566745963887e-03
-6.592399648068706210e-04
3.413626423985921684e-04
3.768182411656206322e-04
1.796979893989201441e-04
-7.865335442154913152e-04
3.385095061712010034e-04
-8.651537525621184324e-04
-1.682050427278660245e-04
4.010159178763556052e-04
-3.560714597453087851e-04
2.157313410095871437e-04
-8.534032755375885963e-04
1.443394216990929576e-05
2.766982410806454362e-04
-2.613207747136310813e-04
2.784093960097183684e-04
2.560915708997199797e-04
3.483467087392067832e-04
-1.850218780349473778e-04
2.476065572708392162e-04
3.156041345715570050e-04
-5.246005705178843476e-06
-1.145411781702402394e-04
-1.535983914867239137e-04
-2.248369318069072553e-04
-7.034565146016806938e-05
-2.649098883469960830e-04
1.090009315155609419e-04
1.404294968695987411e-01
3.437439200238698866e-01
1.152867228030334035e+00
1.816624690058404878e+00
2.185982900087128034e+00
6.248387720195289763e-01
-2.012668856859967936e-01
3.819207976589299447e-01
4.160063459266334362e-01
6.135971056264585138e-02
-8.367332993808906699e-05
-2.243160051241157975e-04
-1.002767858528862371e-04
1.021332419435908977e-03
-1.104442103856017286e-03
-8.330549036093004588e-05
5.616122355842726463e-04
-2.328185491318215256e-03
-5.920043886014567103e-04
4.226586163326923658e-04
1.811987981125748499e-03
4.894019539535774668e-04
-2.787060826861345077e-04
-8.116516286518700744e-04
-7.259287450611517239e-05
-5.234777975080978120e-03
9.039031930693974468e-03
1.218336605151685258e-03
-1.533909730693328380e-02
7.719097836537466319e-03
3.807154035938823625e-03
-8.383428478022880671e-04
5.009920231034142185e-05
-4.954424830420748899e-04
-5.207473158897839283e-05
-8.238945838683275024e-05
1.134744185982710383e-03
4.847951510813792146e-05
-8.210172181762867734e-04
-8.050777828089180732e-05
-1.228633499720777587e-03
-1.910461822247836838e-04
-1.961478922198343954e-04
3.373816306558782559e-04
-3.682183577526096179e-04
-3.328871819298416068e-04
-1.534832175626885294e-02
2.223585309065044535e-03
-8.222132078618361872e-03
-7.192701197556264662e-04
2.224853428785573614e-03
-6.079851946692149851e-03
4.589086676784443299e-04
4.855939041112650048e-04
-1.734635344239617927e-03
-2.251974037488619750e-03
1.730604272229275403e-02
2.337165455566695034e-03
-2.264061184678916108e-02
-6.277201140440415855e-03
-4.635200270018767672e-03
-9.763126931766172474e-04
9.230832779386466402e-03
2.960334661150014826e-02
1.076817074937216684e-03
-3.338690647737172640e-02
-9.654865330703888207e-03
-2.379830194029713616e-03
-5.715703762748980442e-04
1.859106541419545608e-02
3.029254402887007497e-03
-1.142861907530378111e-03
-7.545253196847121098e-03
-2.395024773858792522e-03
3.411079869118163743e-03
-6.733871564355237236e-04
2.772525794689158305e-03
1.576732023054316662e-03
1.868266949748236807e-03
2.947085900924098240e-03
1.137491418906476804e-03
1.848414488865570251e-03
-2.089761146971352661e-04
-6.684990159871190100e-03
1.241616872194828154e-03
-4.911009202256559625e-03
8.670425114977682373e-04
2.012482534145959134e-03
3.757863435633802644e-03
1.009083656843163873e-03
1.064793922269680407e-03
2.565662240396416119e-04
-5.749821714264285316e-03
1.052014364261531949e-03
-2.463140549850249047e-03
-8.139861485849413840e-04
-6.428400714696124189e-05
-1.885069085224762861e-04
1.911289210347540699e-04
7.701119447983354599e-04
3.699686522542115037e-04
-2.156436110089905093e-04
1.198442268094480402e-04
-6.976213575835147132e-04
-4.293235145177432802e-05
2.135391120982915031e-03
1.425090551124749694e-01
3.396604630453868290e-01
1.162094269473970654e+00
1.809433984830094433e+00
2.204537626163600272e+00
6.144181188163018170e-01
-1.920588592312416076e-01
3.629060509763846754e-01
3.541010487443445598e-01
8.631389762420868528e-02
5.083251369677003204e-04
-7.291127550624094825e-04
-7.824511804536632225e-05
-1.230937770931491261e-03
7.055124539974246597e-04
6.399397892613626054e-05
1.622678588569775393e-03
-3.023917466015165357e-03
-2.988970673420618396e-04
-1.134057220792018946e-03
1.629727175257272105e-03
-4.530274976396106830e-05
5.795214647517617571e-03
-6.774990028158838808e-03
-6.507377926499724333e-04
-1.540611976509960283e-02
2.789588251754869866e-02
3.735681080085136250e-03
-3.862286075815049569e-02
3.893085355762084671e-02
9.484047366357644532e-04
-1.772418075062965497e-04
5.451529854980667524e-04
-4.624436030228312906e-03
-8.850003301662419386e-05
-3.995002078291743416e-04
-2.162317102279272480e-04
1.442269239865943443e-03
-9.228827935760745144e-03
-2.424820771223517722e-04
-4.447864674759661606e-04
5.499202688605633361e-03
5.579616294778723048e-03
-4.622802526074825530e-02
-4.585795474781334405e-04
-1.199646285124995188e-03
4.037500489619752497e-02
7.050227340588622466e-03
-5.129458069631426254e-02
-1.677906023890467788e-03
-1.533828232231964663e-02
1.805505367341427719e-02
2.700881537185796308e-03
-1.174157981777152436e-02
-3.660602834767390191e-04
-5.785948074196438015e-03
-2.535328346242050543e-02
2.276727488897638610e-03
7.175238404172364212e-04
-2.826681920636290235e-04
3.712412259777520462e-04
-1.807693224198299656e-03
-2.222215535570521913e-02
-5.536474017751859267e-02
5.490346165878079616e-03
-2.383256317855070219e-03
-1.356744571986714725e-03
2.115838311576870301e-03
-3.409900958166211301e-03
-4.205535694495203536e-02
-2.761756138262575280e-02
2.953374688833899572e-03
-4.353894463091940309e-03
-6.241477460215788487e-04
6.701067740078348219e-03
-2.668751243380178880e-03
-2.160723842794847957e-02
-2.784247724195166294e-04
-8.175071790351227507e-04
-1.094051304817392645e-03
-1.208831479772032053e-03
5.440443081128912284e-03
3.265112196127967301e-04
1.297780860639393579e-04
-6.440263815059870832e-04
3.060948005748326262e-03
-7.655449873470668992e-04
-7.255998008195714121e-04
-2.693942268170954144e-03
-1.175158392196208601e-03
4.779238629505530925e-03
3.602117821707783254e-04
5.255687931599692560e-04
-4.406971349269849756e-05
-4.681876859163784459e-04
-1.490031068592897589e-03
-4.340724573133011334e-04
3.510911376192065152e-03
-6.236751164524370703e-04
1.284423877503977499e-04
1.543518536028557170e-04
-6.246353460570442523e-04
4.949497932441883873e-04
2.582419427870605126e-03
4.925274224121819295e-04
2.773382368376250962e-03
3.301178720542137235e-01
6.867522688727991653e-01
2.234690376746829799e+00
3.790590870864915196e+00
2.641103726639081994e+00
-3.278606899609353038e-03
6.701262151491285679e-02
9.495643973841553231e-01
5.755876230584018316e-01
1.288823445609258433e-01
6.317199095855692212e-03
1.516425841682972299e-03
-2.607387238497251101e-04
1.366626827780468775e-02
4.256845061716766666e-03
-9.760611665976953472e-04
2.193115934899109512e-02
5.119295324349741778e-03
-8.405328045841548978e-04
-4.008619014968723554e-02
-1.001256710867558936e-02
1.205209438326590790e-03
-2.293491220042906051e-02
-7.748818596106081362e-03
2.981443043710738008e-03
-1.879121583410923394e-03
4.775680659433395939e-03
-1.298540824785181496e-04
-1.742950161079009908e-02
-2.067706080281617013e-04
-3.708178006595337032e-03
-4.164548622462134475e-03
1.268917836540066650e-03
-3.414189022038020480e-03
-2.730091396186353392e-04
-9.727402011765889922e-03
-1.586276335843028740e-02
3.446494107051471453e-03
-6.472823146725080815e-03
-8.253487504639759557e-04
-3.265446344675906887e-02
-4.060296875229903873e-03
3.364963045754767058e-03
-1.553383499295148303e-02
-2.826410451394406132e-04
-1.415054525877773584e-02
4.889652295361437973e-03
2.562139770462905342e-04
-9.155006489174180584e-03
-2.609580103665195367e-04
-1.679355944524050549e-03
-2.893348076767624511e-05
8.169266224603144574e-04
-2.031819270745292751e-03
-1.002637589482806334e-03
-4.187479747664174523e-03
4.346529062919222801e-03
-4.172416556714619234e-06
-8.922419008873192772e-04
1.047610633821462742e-04
-3.213113318004019031e-03
-8.269454248354851358e-07
3.559189519722975523e-03
1.201683783796964229e-02
-6.527214037648561718e-04
-2.347159331707393895e-03
1.306458250164951233e-04
-4.591908561570537915e-03
3.019642875638994480e-04
7.775330503363344498e-03
8.032698585900860389e-03
-4.266666293495640239e-05
-1.529133914874976786e-03
9.050950889138567124e-04
-3.755324968617932378e-03
-8.869682508761346680e-04
3.384031364996775010e-03
2.584519849746546531e-03
-1.298182328584843897e-04
-6.043674643673516145e-04
6.790458132756297034e-05
3.901051097523630879e-04
-8.001846424455330055e-05
-8.703356330614838441e-04
1.955242768947837743e-04
9.640622084317653504e-04
4.858515091333924681e-03
-2.141937043387227900e-04
-1.400634894979347136e-03
1.327819108142590579e-04
9.197259015456820015e-04
3.392352011394981917e-04
-1.226511062479649717e-03
-2.193545564064218055e-04
4.465451788610103273e-04
1.663591993641337901e-03
-9.979508633013779739e-05
-2.668770678300588979e-04
4.259156639470530617e-05
5.271713491339587480e-05
-6.743520553952258385e-05
1.679938517076801205e-04
6.746433013420866987e-05
-2.487682240313270326e-04
7.051653697697099976e-05
-4.580761598154530905e-05
3.301724722370915077e-01
6.870858231907529534e-01
2.235255907599717595e+00
3.792273053192143362e+00
2.641649496740599012e+00
-4.282513821245185516e-03
6.442226464070971437e-02
9.575614244914024686e-01
5.646302945290994080e-01
1.078247654306690589e-01
-1.863862944556897525e-03
-6.728623342931805765e-03
-6.966244617949923995e-04
-3.842462468121323003e-03
-1.483606003294404320e-02
-1.245021782247519165e-03
-6.399754781974427605e-03
-2.321863595835272839e-02
-2.441758008158514265e-03
1.158097655308430209e-02
4.285289845303409673e-02
4.180132891958072971e-03
6.022542501756349663e-03
2.291676609355720526e-02
2.167294549959480465e-03
1.316050454348568349e-03
1.222713104651329367e-02
1.747849457831467069e-03
1.116974152336004666e-02
1.188048340084969963e-02
1.956469130226609512e-04
-4.041960043657932128e-03
-2.235384145042841950e-05
-6.268624646271104758e-03
-7.001859647993823998e-04
1.006917300440590517e-02
-1.524443486592372797e-02
-9.417885601660547527e-04
-1.342805776683986436e-02
-2.378191438277843257e-03
3.266308885656229316e-02
-3.650775722774765152e-03
1.586194842235782174e-03
-2.306042601705177511e-02
-1.263511366504782400e-03
1.528821431158413659e-02
-1.038000113154076681e-03
4.858078221444675688e-04
-8.091803325490547552e-03
-3.688181966683896679e-04
2.460022177606035858e-03
-7.408592593671991210e-03
3.064835711268003933e-04
-5.712730669670436356e-03
-2.860532747042224570e-04
1.222037437750933845e-03
4.279631843808514267e-03
-4.057759359548560821e-04
3.199543985409592037e-03
6.641979109780428350e-04
1.166802358514550065e-03
7.183218436310207910e-04
4.024761387315071472e-03
8.552807720678587064e-03
-1.299103937501813180e-03
3.427999788678747026e-03
5.929865544332401945e-04
1.351297984044550708e-03
1.158262189201447225e-03
1.034202768558668828e-02
7.684596556532621338e-03
-2.686253715539283957e-04
4.268207382916440300e-03
8.530540356574897731e-04
9.649350270933213913e-04
7.720160424032509842e-04
2.893778323299709115e-03
-2.556500490646820660e-03
-1.646710079960911170e-04
-5.028535190076386698e-04
-1.140442446263246438e-04
8.970858303322192353e-05
-6.939025253243892794e-05
4.178060624736026300e-04
-3.149892881781179272e-04
1.143885630544551118e-03
-3.291052271797639123e-03
-4.985405594348554358e-04
-8.235355068741351346e-04
-5.123958365997485862e-04
1.026313339633621625e-03
-2.071087537813921049e-04
2.073810912063772313e-03
-5.108294114743448019e-04
2.678388297895657223e-03
-5.665281765244420441e-04
1.836746898651722747e-04
-3.830360108785893264e-04
1.567502739520565982e-05
-1.919486460843349571e-04
-6.431408912411473960e-05
-5.982875165496514815e-05
-1.113648553439923841e-04
-1.629331538232561686e-04
-8.084756585240107532e-05
-1.430191199122259190e-03
4.113343303500986009e-02
1.238857327620869891e-01
8.826072173440749347e-02
1.571355873750172882e-02
9.942060798967006664e-04
7.669253919355097267e-03
1.495962096104419374e-02
1.715548001888434837e-03
1.312541886226635708e-02
1.911863720665405580e-02
-2.535864530115737635e-04
2.074470866651642511e-03
7.641490831603855137e-03
3.333549478337790271e-04
4.340602446036744694e-03
3.760349338853525170e-03
6.925933436587754016e-04
-1.246052511291025240e-03
9.163100039256829264e-05
3.791923168709840797e-03
2.491121087110986614e-03
-5.160864580285268004e-05
-1.336162740076058276e-03
-4.921421725065695677e-04
1.877039642927183020e-05
1.324905998782143282e-03
1.638989774833097841e-04
-8.684901034079527474e-04
-1.818322873757573493e-04
1.374258225842271534e-04
1.270280811968622046e-03
2.928668569120334892e-04
1.186753229496675759e-04
-4.887888508474337243e-04
-1.298539026410659009e-04
9.260167623568241722e-05
-2.566375673272458162e-06
-3.775178829755070119e-04
3.574787659014672428e-04
-4.110349559225955513e-05
-3.049100471874026191e-04
3.776799504181734294e-04
9.179317646307595647e-05
2.106804679958829412e-04
1.036491698107586313e-04
-4.795472422901491337e-04
1.988301050874354361e-04
-6.745994640499651854e-05
3.113302801199095433e-04
1.567493889797303699e-04
-7.383060110475405562e-05
4.127294428054113090e-02
1.238612549648485661e-01
8.966399033756787540e-02
1.414421435463670065e-02
2.686023933483989816e-03
1.044096553111526458e-02
-1.307444807285013978e-02
3.426306677534727164e-03
1.700067843922401650e-02
-1.624130506137209939e-02
-5.264981836809898242e-04
4.356432306025599319e-03
-7.748790370616891535e-03
9.759307260755786372e-04
-5.011317325393458214e-03
1.927378534706961424e-03
-1.362390563466071760e-03
-2.136799986392390934e-03
6.005648984016714615e-04
-4.120717442504990419e-03
1.318814835023826961e-03
-4.981801178651859585e-05
-2.123174630364880328e-03
-7.506126720878892504e-04
-8.497027634554637013e-04
1.273629136182396386e-03
3.086436594501491566e-04
-1.623501749112803757e-03
-2.059272911832674211e-04
-4.612721779483164937e-04
1.018771745758520171e-03
2.772270247118092663e-04
2.872777215381875499e-04
7.072704206146859535e-04
-2.412793457691083103e-04
-2.343062213213616715e-04
2.277402216166721823e-04
-1.402136620014581892e-04
-5.613682126387271789e-04
-3.413743525411027844e-04
4.661073202198397951e-04
2.724012255402622710e-04
1.646895068934716225e-04
-2.370355173037705355e-04
-3.786772792696026756e-05
9.128135797575621111e-05
4.693653411125410079e-04
1.279898619136566956e-04
2.479621275756587048e-04
-1.366040371298840692e-04
-6.281002870829603842e-05
4.047922333310987469e-02
1.241717222090745060e-01
9.026786581288027966e-02
2.308714305708258960e-02
-1.511360638412644758e-02
-7.507583833475884628e-03
-1.262493597102063705e-03
-2.230054637309345986e-02
-8.360811075218292643e-03
-1.912534556196926428e-03
-7.989748369070848177e-03
-3.949108021041235379e-03
-1.566189196629030932e-03
3.248620504207635085e-03
2.968427886643399045e-04
-2.884506938113980817e-03
5.464973508902015069e-04
3.246359795486794368e-03
3.891508303244926251e-03
1.986443584380983120e-04
-2.342948034262555112e-03
1.046346325586986923e-03
4.261559349419600726e-03
-3.158844297032624470e-04
1.414267958288535523e-04
-3.516635340405338517e-04
3.465811717052398101e-04
1.711838582899433180e-03
-9.946150810659357740e-04
-1.080587006171083840e-04
3.247902514584022631e-04
1.362761004784773528e-04
6.138676541601773440e-04
-1.120473317901032922e-04
-1.724607775302241098e-04
-9.767533414217870191e-04
-1.780531130063079900e-04
-3.825511902424800982e-05
9.308859993296669528e-05
4.733800398535656763e-04
-2.720567225361180254e-04
-7.779020087274426173e-04
1.252863066497742271e-05
9.383938582208010244e-05
1.172420189552932405e-04
6.636036374223780866e-05
-2.061993902480714158e-04
8.142749283682602815e-05
2.124911600853981666e-05
-1.091883991150281782e-06
-2.882421255456685564e-04
