1.402069636951474851e-01
3.440919646809312837e-01
1.151828782453297784e+00
1.817175034367921382e+00
2.184150504653228353e+00
6.265048826196957243e-01
-2.016830712598096376e-01
3.836387442795293756e-01
4.150544639751325704e-01
4.273554872813194877e-02
-1.059558582932210391e-04
2.615572358885535800e-04
1.027523950232282340e-04
-5.824823570711059164e-04
4.294953488059277246e-04
-1.534437815954858841e-04
-7.764964071956775675e-04
1.055550990560254632e-03
7.934810797557697660e-04
-3.951389021230503171e-04
1.130893458062641856e-03
-2.184182771981360571e-03
2.299405350707329956e-03
-7.581294423596198623e-03
3.171477752385599373e-03
4.901107870159612800e-03
-4.594024081042662536e-03
-1.236434844612449438e-03
3.595972562106455796e-03
7.999590245226315816e-03
-2.136763768555438874e-04
-1.923258904271268606e-04
-1.414138825079656674e-04
2.112210632352214915e-04
-1.257187956094017430e-04
3.400647740337902443e-04
-4.677035808636004145e-04
6.288480689956387317e-04
1.687126690208360898e-03
-9.297707799001411961e-05
3.109559798818114108e-03
2.133283200703507178e-04
2.808126475241296167e-03
1.284401828530390031e-03
-5.456396690413470611e-04
7.219550476902036884e-03
-2.026535115698215213e-03
-5.242453406626117326e-04
-5.593525653521085571e-03
-2.329800649416594212e-03
-5.034120416823481547e-03
-2.702197693847152083e-04
-9.279980613621870069e-04
-1.273855053660347602e-03
-8.643642459996025854e-04
-1.583147230985357387e-03
-1.919417967676996864e-02
-3.788228849023529687e-03
3.892051309140783497e-04
2.135976626896670186e-02
-5.950044264029731925e-03
4.429241231586060110e-04
8.550500241920389044e-03
-3.081478232498393796e-02
-5.078262806239694852e-03
-2.693379382071562841e-03
3.050458922516399024e-02
-7.530266243744533107e-03
3.690033529032222658e-03
1.261045814396822770e-02
-4.813013714494235144e-03
4.363695992228509542e-04
-2.807981895694989290e-03
5.294840605159559926e-03
-2.968995170116097305e-03
1.231005544709816825e-03
5.334305427808014180e-04
-1.312233933272785764e-03
6.406918782851152988e-03
1.508549252383293822e-03
5.188615260206504501e-04
5.138125056587675848e-03
-1.295668208974935700e-03
7.442957568178314284e-05
-2.168185894806768602e-03
1.972629884231138445e-03
-2.148319090392964478e-03
4.857984544740683204e-03
9.572397107631853150e-04
1.063402594695541260e-03
3.567489864313122018e-03
-1.185730441786150895e-04
1.320833351710131928e-03
-1.687900227451023284e-03
2.413972747772143157e-03
1.821259033243138262e-03
6.318031362024774736e-04
4.989719427462321714e-04
-9.840765724405186135e-05
-1.010244700268687451e-04
-6.346732244764321119e-04
5.291845024656035559e-05
-9.698678770367733003e-04
-3.791243614635936461e-04
-8.917451284985312542e-04
-5.561277818954239597e-04
1.411795690189298069e-01
3.426842773231126849e-01
1.156836721480492658e+00
1.816375058050937019e+00
2.196205759871258323e+00
6.213447435375498706e-01
-2.054508451572907846e-01
3.969944731205461430e-01
3.204952023560689867e-01
3.557366225599490478e-02
-3.386309717450206340e-04
-6.691455945813562414e-05
-2.520309194742274806e-04
-9.640129872214480214e-04
-8.656660585689274879e-06
-6.115615286990936685e-04
-2.158184167514544394e-03
-2.044528348833898662e-04
-1.606928523667316847e-03
1.071582734895772018e-03
-4.351614784336725085e-03
1.766278193672195717e-03
1.459110675050523300e-03
5.238220275723032109e-03
1.452317307278699020e-04
9.022904190447357531e-03
-4.758092626569947301e-04
7.024740738065473993e-03
1.045543810389263500e-02
1.266329760993858619e-02
1.422817193326229206e-03
8.746674636597094555e-04
-1.914669667281278329e-03
-3.592587322613134074e-03
1.892401800770183388e-03
-1.030288383949001362e-03
1.764900164877161639e-03
-4.682290259171157168e-03
-8.940290826575381100e-03
4.769141207076011031e-03
-1.457734226616558878e-03
1.189490686413911813e-02
-1.393098989295810108e-02
-3.553465832346218434e-02
2.374142395020369806e-02
2.158198016745432359e-03
2.260711954101427001e-02
-4.907367164832979016e-03
-2.917683702521210384e-02
1.711486495911278272e-02
-1.836745265209815351e-03
4.562533794841682616e-03
-8.176153518423426390e-04
-3.493096503318470891e-03
1.922180873418046117e-03
-4.299219816570038974e-03
2.552702935347453753e-02
7.835602425253333086e-03
1.687276545350636264e-04
1.310492663489807382e-04
-3.448095493375276377e-03
-1.323268139098396877e-02
-1.046371995955924783e-02
4.507758819376218862e-02
1.378924168491066013e-02
1.925494381048184359e-03
-3.223461352950796575e-03
-7.286878004983081761e-03
-2.278381524680065523e-02
-1.843243319451741066e-02
1.986451393946209176e-02
9.162151492253359925e-03
-1.676954947867968608e-04
-1.559499996693775037e-03
-4.502764563074898585e-03
-7.182073942007489997e-03
-7.865006062834155320e-03
-2.174510382388698121e-03
-2.559422405986622466e-04
-1.589881341986622634e-03
1.864118253843365710e-03
1.243583697794760487e-03
-2.933685140245177996e-03
1.466220669220402685e-03
7.578635068437907917e-04
-1.341730127975510577e-03
-1.842903546826244344e-03
1.754353752419862038e-03
-1.084660803886954060e-03
1.321179239693622606e-03
1.120499103647487572e-03
-1.591481098763444530e-03
2.148683413711219986e-03
1.407197060510549051e-03
1.793361364764287612e-03
-4.916789438200148228e-04
1.494602850246063916e-03
-1.412476441121913485e-03
-1.441787386602617470e-03
-1.117889158846554240e-04
8.728491472297275188e-04
1.259547804579963168e-03
1.690434487506589558e-03
-3.487345648261603020e-04
-8.313396767466267861e-04
-2.290742299776821547e-03
3.314453206583691247e-01
6.847941154040209089e-01
2.240672562690116720e+00
3.789324839189491811e+00
2.650309327033304907e+00
-1.585954741287163780e-02
7.547497441321555922e-02
9.360144046349427871e-01
5.890551498565770316e-01
1.491004149300640957e-01
-6.639287762698129272e-03
-5.403102659070849016e-03
-1.428099523595489613e-03
-1.456955456311957026e-02
-1.118680356189035233e-02
-3.580671367810240712e-03
-2.269645165678506674e-02
-1.858361530362296135e-02
-4.857672053417276190e-03
3.938552351049421502e-02
3.215216829026457113e-02
8.208302655201787576e-03
3.149865943729434486e-02
2.345630452678662548e-02
8.594852326074611804e-03
-7.015195724534089086e-03
-3.021397509443587460e-03
-1.513977588852896683e-03
-9.570089541927567431e-03
-1.185896569008589897e-02
-5.966915312093592008e-03
-1.066350975431617013e-02
-6.784825161947524372e-03
-4.948538864636267687e-03
3.609327150324738182e-03
-2.375647530255421431e-03
-3.416841777680115072e-02
-1.939131416671724048e-02
-1.171513582032536471e-02
9.201619694987294568e-03
-8.015900120823650846e-03
-1.737744692691279083e-02
-1.580829030660994491e-02
-1.854951552815631288e-02
1.125356268958086457e-02
-3.516891957722808031e-03
7.104601513852614424e-03
-2.229316674072747990e-03
-1.382000410855762848e-02
8.651600553464365226e-03
8.206668812005859766e-04
2.365400502163517561e-04
-1.710249171496017314e-03
-3.998094458150545927e-03
4.885122997075394893e-03
-2.342579131577237836e-03
-3.693043892606350399e-03
-1.147442205448769579e-03
1.533312970310081631e-03
1.031643958958256176e-03
1.929808870845147600e-03
1.467799384770991116e-05
1.738119497053564749e-03
-1.207384627004045446e-02
-4.137280073897635531e-03
2.789044220805628627e-03
2.484894968869778321e-03
4.666309629596308677e-03
1.935832841581258635e-03
5.476400507736652393e-03
-5.750579151028168724e-03
-2.688206764465505064e-03
2.252494237418773727e-03
2.399558680160023341e-03
2.051995614912148144e-03
-2.118547573653034827e-04
4.277671266074480408e-03
1.175021413111673177e-03
3.074598448318978513e-04
-6.964542445481208995e-04
-6.849978815439879956e-04
3.652274772466063612e-04
-1.085965298266677160e-04
-5.237899997758784952e-04
-9.132938185384818124e-04
-2.096847862621605430e-03
1.388575277853335791e-03
8.270501278127644594e-04
-1.423693824769134246e-03
-7.613453795562237676e-04
3.651934675901303369e-04
-9.500837173222726568e-04
-3.373049542536252503e-04
-1.279915150165243480e-03
-3.545366562967351871e-03
2.722725583147768413e-04
3.817672035263510789e-04
2.977595597554098090e-04
1.020140875670125360e-04
7.592167856048591098e-05
-5.582378754125363673e-05
1.255119298604569418e-04
-4.283760720673170997e-05
4.213529775370855937e-05
5.021586612483453036e-04
9.983454203768295752e-04
2.772787774692958007e-01
5.382067838419829497e-01
1.736325750916406063e+00
2.918528070324763135e+00
2.263473285977137817e+00
1.839152300469413803e-01
-9.416782083293787076e-02
6.214548801399430999e-01
5.044810604251923625e-01
9.033284832638910355e-02
-3.273454798397734829e-04
7.168699173736289626e-04
1.298292080829846007e-03
-3.308469321173318489e-03
2.184777341687159629e-03
2.071227423683953076e-03
-1.806138873308031677e-03
3.203968891372410959e-03
5.239529194795060005e-03
-1.758803812749753321e-03
-2.733621387247817894e-03
-7.392639240327183829e-03
1.046513562251075689e-02
-6.432195359446682414e-03
-6.204932851125304592e-03
7.247046683349520242e-03
-2.701256827340941060e-04
5.477426762538070530e-03
3.201679308533322398e-03
-1.609253616473304074e-02
5.196811900037956455e-03
-1.059379167774380376e-03
5.199762117124829934e-03
4.639770510865433815e-03
-1.762062008431913753e-04
-1.101138881012790486e-03
-2.804523614637218464e-03
1.929204145051713337e-02
1.731624827125035487e-02
-2.355532247646196977e-03
-5.082216815578373577e-03
-1.468882410321136357e-03
7.059018512555244144e-03
3.975844694577828492e-03
2.715311886841490635e-03
2.013260286088503588e-04
-8.238576387218461347e-03
-1.763218896684043630e-03
-4.149591969681286005e-03
1.076068980925964230e-02
1.495074097500035185e-02
-5.719834033130971954e-03
2.816687505364027112e-03
4.733230563958864580e-03
1.035416804963718886e-03
-1.950039292778343598e-04
-1.862727302327095782e-02
-1.429183614322123446e-05
5.219509671139563843e-04
-1.122103118207688592e-03
3.788145802322771729e-03
1.238819620371720692e-02
2.502552272818436147e-03
-3.347497797526447633e-02
3.440425161305574794e-04
6.852233086435591649e-04
-3.256096144732431325e-03
7.211722102948756562e-03
2.442666584975470775e-02
8.206932250668236284e-03
-1.184800790059006327e-02
-2.377887207680072328e-03
1.703695546490372782e-03
-2.671378112539895232e-03
1.171509702885767217e-03
8.119562398886271543e-03
4.143200927420029648e-04
-7.142799238700260102e-04
-1.676204410830752379e-03
-5.667889278398528363e-04
2.152284153553279868e-03
-3.738815360822584527e-06
2.229405171957209056e-04
1.100187614699822593e-03
1.428429226697942910e-03
2.076890858767734081e-03
-7.127846211406632345e-05
-3.191124697892365469e-03
-5.910091802188143515e-04
1.721527955767566910e-03
-4.579992708927937690e-04
-3.169999087302947265e-04
8.636143982869552444e-04
9.810649923376161836e-04
1.699014875268919185e-03
-2.162757331868666623e-03
-1.417857352363243416e-03
-7.096068327136721818e-05
-7.477868231153789831e-05
-1.973635519310234143e-04
-1.089675787285237645e-04
-2.575167871893369411e-04
-3.561158226726903885e-04
1.011748324726082643e-03
4.130950885282165378e-04
-6.232200114098617296e-04
4.047092556478856101e-02
1.235940958949437035e-01
8.895627375867024011e-02
1.280521394551812318e-02
1.739242866152460737e-03
-5.787937709485224420e-04
-1.694812319010103457e-02
1.083723588481607823e-03
9.228967055460584072e-04
-2.468509934003056822e-02
1.569389448464423610e-03
-2.795080214404953561e-04
-7.652564094722676472e-03
-5.172861513109835118e-05
1.826374502009287892e-04
5.797108344264697948e-03
-9.284443590107150941e-04
6.381903613384483798e-05
-5.383029742512472193e-05
-5.589162394846067467e-04
5.004763613769751783e-03
-5.428903603055469825e-04
-6.710633611881933224e-05
-1.850736269691894917e-04
-1.783471832500503119e-04
7.963048226432420038e-04
-6.306913980797224616e-04
1.413194018980426167e-04
1.242630886417846940e-04
8.317060164807419374e-05
-6.840943848199211813e-05
-1.315543042868698139e-03
2.269030826527655784e-04
-3.677688539513991020e-05
1.439685075969306857e-05
-3.774685393419751050e-04
-1.382377516024345442e-04
2.450405019651528461e-04
-6.889346112296243832e-05
9.065281348124917143e-05
3.872183024325511585e-06
1.518199576715891430e-04
-5.701110999367767939e-05
1.522363479428879456e-04
5.766751194003356647e-05
2.577827926424963365e-05
-4.940964555963404600e-04
1.754400445368515431e-04
6.004390743949522368e-05
-1.451991967976153845e-04
-4.123371883886107206e-05
3.996444898202157481e-02
1.234440129817708232e-01
8.125185782049655636e-02
9.460629943176847301e-03
-1.667980814851521137e-02
5.804813563962834579e-03
3.020795996848942965e-03
-2.090254297661170088e-02
8.294576540823770869e-03
4.389253286016777181e-03
-5.088139348719013938e-03
7.561947354136362015e-04
1.948431947150662839e-03
-3.312519015012613428e-03
5.379659500390575723e-04
-2.859828023491498700e-03
-1.787422212246977038e-03
3.906341132833847894e-03
-2.771241968971541268e-03
8.244356519503697649e-04
-1.432189381967798481e-03
-1.371196595577596229e-03
2.526373451192893971e-03
-3.313528335380654284e-04
-1.375180669215820932e-04
4.802088633062861394e-04
-4.597794808543381761e-04
1.264339063580147777e-04
9.395824022652523623e-04
-3.154079430169439086e-04
-2.369423144116051454e-04
-4.204163679020506833e-04
6.616528914580131890e-04
2.873758650969057108e-04
-5.092668282058026305e-04
5.806104986887260011e-05
-1.749844211513539071e-04
1.594602730010100577e-04
3.072656130715090660e-04
-4.288039805358302725e-04
2.759842642227878064e-04
1.065923189555517204e-04
3.382146135650567105e-04
4.595863302943491770e-05
-2.599189498311510558e-04
1.241174910355839431e-04
-1.812854501529606122e-04
-3.515015641644549473e-04
1.904495241291254419e-04
-6.893659737666508070e-05
2.093250415886242688e-06
3.774929651695055344e-02
1.224410711978022731e-01
7.746276706725324646e-02
1.129314517614105236e-02
-5.737912631003211882e-04
-2.088736550093588801e-02
8.098193984239577051e-03
8.617082928268432690e-04
-2.849263016638724916e-02
1.096215850743445866e-02
-1.027392150507413680e-04
-9.208669717503751781e-03
6.098373612614955107e-03
4.918412728549298625e-04
-4.965520804636583234e-03
-2.807566978666889337e-03
-6.469065177511923318e-05
-6.784064904237221798e-03
-2.947162469492097675e-03
-4.843176575598512681e-03
-1.395929364978663791e-03
3.809246021021245473e-04
-6.423650323052989240e-03
3.646324602217051883e-04
-1.195520097115332315e-03
-3.337534432722763619e-04
-1.297156739762365290e-04
-7.794510053046738163e-04
2.171297741553864305e-03
-1.260188514718535132e-04
5.447626753098825172e-04
-1.183965154568758114e-03
6.929072924464909180e-06
-1.988382505576984701e-03
-3.037972428670725547e-04
1.340184374304919431e-03
-3.206414462734089423e-04
-1.612980721584828967e-04
-4.293090129829581930e-04
-3.652515512826853307e-04
-8.333334014395932764e-04
-1.414702535604042341e-03
6.894289832867578566e-04
4.221432146614237141e-04
1.449113531259726994e-04
7.051558548089888179e-05
-1.541901356146169611e-04
-3.531696747239172198e-06
-3.920261431319864643e-05
-2.645442379818697997e-04
6.346588270072928009e-04
3.859744072429213690e-02
1.225087210141872079e-01
7.052158722111470657e-02
8.674155843780622863e-03
1.965977604894552158e-02
1.004583106673843582e-02
-5.363160984787085708e-03
2.496674356795227853e-02
1.011088877513528772e-02
-6.521114215846062108e-03
8.920995393247352356e-03
2.965927070610870162e-03
-2.430713418123774030e-03
5.809408835040973280e-03
-1.667273991206304684e-03
-3.522698113402967027e-03
-3.113350701191359721e-03
4.541075217125955556e-03
3.574489978825371155e-03
1.158162957438117410e-04
-2.959150906536621613e-03
-3.048073484778686046e-03
4.626296755178282115e-03
8.389103132063107163e-04
-4.324652035883769382e-04
-4.073857328963284411e-04
-6.704816146710596090e-04
1.364393723095931208e-03
2.222238113520959638e-03
-7.931670931573907681e-04
-5.140969455956789259e-04
1.078890683358791095e-03
-1.344814420085213959e-03
-1.034539235466334700e-03
7.572631148567402111e-04
5.660315873305483882e-04
-9.623191302181606358e-05
-5.102544967035378080e-04
3.716958862699038316e-04
-6.750703234493147761e-05
-7.561402228964062824e-04
5.595855424680157416e-04
2.720446792476460167e-04
-2.897331213406804834e-05
-2.798357152553043454e-04
5.360492205799971966e-05
-2.961688775064430659e-05
3.074922007096906511e-04
2.950503725979727009e-04
-2.780479895043523326e-04
8.102807053899441561e-05
4.017377051852317332e-02
1.234327955002225280e-01
9.087408090549663198e-02
1.573063326630050329e-02
1.186313754866322005e-02
1.006583524961679119e-02
5.998200907256922773e-03
1.677635429392507552e-02
1.693012329772522820e-02
8.843841797556513742e-03
2.368256251742991043e-03
5.335005426256735073e-03
3.786589614606255139e-03
4.480773910023901248e-03
1.972518256341313989e-03
-1.866237343288766528e-03
2.671704196995474193e-03
6.873178948056930890e-04
4.079670945857123178e-03
3.057505171045663602e-03
-1.552859603476637552e-03
1.738042698689406433e-03
-4.180206692162244408e-04
-3.388464556430969979e-04
3.388415626999491804e-04
1.759359688793906459e-04
-9.644385697318285798e-05
-8.878276503258936093e-04
8.975685716814567946e-04
8.111406057016674409e-04
-1.673650994424837285e-04
-7.892770668082340875e-04
-2.074701191120611337e-04
2.360606565720462819e-06
-7.053630153587997107e-04
-1.692567113028293070e-04
4.900825104295376952e-04
1.601548708088979434e-04
2.370580843640713990e-04
-1.185263862490149869e-04
-3.321500962102089853e-04
5.072785903595196833e-05
9.492827037834388306e-05
-4.966336995738444512e-05
1.763854047971475021e-04
2.745278379995734833e-04
2.668976733918499542e-05
2.014853875217319072e-04
-1.667635654551240514e-04
4.525182132364897515e-05
2.896907813256626428e-04
1.401455519385255977e-01
3.441490729259630288e-01
1.151485604580279709e+00
1.817132013122466194e+00
2.183310630974945266e+00
6.275104681037008136e-01
-2.019544590406858742e-01
3.857577852855131884e-01
4.129350645287004351e-01
3.403631068398176723e-02
1.092674830034395946e-04
-9.896275787743357257e-05
-1.980083346680385945e-04
4.446184064510979618e-04
-3.185731407787771997e-04
-1.031155898719429134e-03
6.032479285270629698e-04
-7.269081046743771984e-04
-1.096599581292347124e-03
9.025321237362230343e-04
2.771513138828945598e-04
-2.688628055228629594e-03
-3.949345643835517825e-03
1.122043611969692455e-03
1.062419891568958628e-02
-2.651899891725189879e-03
2.520348685921990593e-03
4.516548936563232787e-03
4.477701327741116148e-05
1.529830768802989188e-03
-4.580055718511340246e-03
-1.664435289478626411e-05
1.668530956100189896e-04
-2.126015228050692893e-04
3.103793001223392571e-05
6.815928983232043866e-05
-3.301957609749543612e-05
3.276305045870734375e-04
-2.554635633777971922e-03
1.710487206270741274e-03
-2.432612549100129798e-04
3.281499474201442549e-04
1.232812146937122422e-03
-6.253284480486519074e-03
4.936475728948644566e-03
-3.074626794226975645e-04
6.497925322768703139e-04
2.351756168630311523e-03
5.675212421618307766e-03
-5.394763015704971514e-03
2.529128283792390040e-03
-7.414920713519495307e-05
1.876363848628955335e-03
2.668232653418060960e-03
-3.112258130431966134e-03
1.659071244889278153e-03
8.773177415695537079e-03
4.608325453035658388e-03
1.281064583090085274e-03
-1.397232408959732559e-02
1.473220640529353774e-02
-1.447106546080520993e-02
-1.665305306234235103e-02
1.029031995971010222e-02
6.062265126075916041e-03
8.965407849636759059e-04
-2.224950763526797534e-02
2.476008922691259537e-02
-1.930333529938720732e-02
-2.069743305359873775e-02
7.357303389197712403e-04
9.964145560195380742e-04
-4.870938238803315451e-04
-5.229594707407438786e-03
6.591710018743458799e-03
-2.520710282671884822e-03
-3.310507996426276418e-03
-1.599453909903912445e-03
2.166053481414567314e-03
1.722780928202869745e-03
1.026081680679605647e-03
1.042635772809534555e-03
-5.472833125802004095e-03
-1.964110808422051772e-03
-4.613001521645474466e-03
3.304550205480163549e-03
-1.177656111134896223e-03
1.470463491883784116e-03
1.153328253425456740e-03
6.818458524283688192e-04
1.560594219301541553e-03
-4.449429962550260388e-03
-1.428730607216851470e-03
-3.411436305355709797e-03
2.142466064170379068e-03
-1.544442567228556683e-05
-1.836550992621448252e-04
-4.221049677012050661e-05
2.054797521608865013e-04
-5.696136973137436762e-06
-3.609569876717622517e-04
1.169615144265957838e-03
-1.123051266035968556e-03
2.207394786173817454e-04
8.451472079055895043e-05
-1.057117748689216088e-04
1.401399069866979541e-01
3.441289829131202738e-01
1.151438603620030587e+00
1.817075018995286229e+00
2.183263366722175913e+00
6.278071214373617259e-01
-2.020313011337675768e-01
3.872476221778500260e-01
4.122433901868029493e-01
1.442871803535780359e-02
-5.056325828162171350e-05
1.459174646297865993e-06
7.789193159374184939e-05
-3.525991628698041131e-04
-3.635425884702904784e-05
5.476045654695515380e-04
-2.110259815561316686e-04
-1.232087056365050617e-05
2.522761993909458742e-04
-1.495957062282432483e-03
-9.124418957721286132e-06
2.492380082146870238e-03
4.439369788470956361e-03
6.823888816494503857e-05
-9.047066524541636998e-03
1.597950097870696464e-03
-4.324194044878121898e-04
1.394704698569164836e-03
-1.130744131555478548e-04
1.718730068653251614e-03
-2.339964364642810237e-03
-7.049963154138488417e-06
-5.256355035569187153e-05
7.965172560141406367e-05
-8.356040916829762517e-05
1.363138947546720407e-04
-1.589606773981411906e-05
-2.123568683291769243e-04
-1.846135502447592263e-03
1.185348177225193419e-03
4.425540377610122041e-04
-3.210453336769501656e-04
-1.823692255043849288e-04
-5.030252765716230687e-03
3.865137862726849421e-03
-1.020215395782931699e-03
-2.438956571799867482e-04
5.277443677298835657e-04
5.816939543053306454e-03
-4.590886159812142438e-03
1.576198104601648749e-03
-2.643670199009956717e-04
2.255871040976332033e-04
1.209978511107080712e-03
-1.049912058558954194e-03
8.751231252342395401e-05
-3.927710615735981355e-03
-2.080316549344452329e-03
-2.791552069647813112e-04
1.344958300868453159e-02
-1.423939559599382218e-02
1.624825458318615232e-02
1.771015190109560128e-02
-4.881033590466358867e-03
-2.828493119888126836e-03
4.204644589526622969e-05
2.079694044926521865e-02
-2.261389202716379901e-02
2.084968525058052136e-02
2.064748043354799889e-02
-1.167883419647751430e-03
-7.250990535346212799e-04
5.583166882671385936e-04
4.163080490400978065e-03
-4.745069919327465045e-03
2.773928980643202216e-03
1.801282649166610628e-03
-9.001840275906135497e-04
7.734501536667032391e-04
6.154262406570086162e-04
4.908459988032696456e-04
1.044763450429754678e-03
-5.910316636427884879e-03
-1.942348086015620182e-03
-4.264627169712736053e-03
3.724380570719726044e-03
-6.648603282520285053e-04
7.689342250719225598e-04
2.863718981507465920e-04
5.068593058310581984e-04
1.498991280781038259e-03
-4.764464615880070406e-03
-3.239329762602507828e-04
-2.758443512051873305e-03
1.982062998215716396e-03
-2.386783704079596967e-05
-5.426533819124442286e-06
8.073604107367628744e-05
-1.142751181695181290e-04
5.116226491991887664e-05
2.937625566340632617e-04
-1.423522048172931988e-03
1.002732717980751127e-03
-3.423542504390487940e-04
4.953456458311101976e-05
6.271137847468422673e-05
4.107698688371935053e-02
1.261403352921384446e-01
8.797968663163577285e-02
1.459120811045928369e-02
-7.206085483443282896e-03
-1.281662378892066238e-02
-9.982724752279070746e-03
-9.852288844370810095e-03
-1.699087416387264418e-02
-1.355071362432760072e-02
-4.473576081929571575e-04
-5.067031298568869767e-03
-5.630834886030552239e-03
3.318353888520502414e-03
4.142183929450269156e-03
-3.078041131474833084e-04
2.381713822031527629e-03
-1.707415081761755023e-03
1.792884952473087394e-03
3.605584228800876902e-03
2.547798037202040592e-04
2.196348074803963248e-03
-1.742646622560688153e-03
-2.609524050286469109e-04
6.315516082177086718e-04
4.657424264430549141e-04
-3.010417576941229180e-05
-4.071171231630670647e-04
-5.948941577894190769e-05
-8.957122427018851789e-04
-2.880165338044368391e-04
6.358632285094541637e-04
-3.113932040806906385e-04
5.044350398472326278e-04
6.948106537652636288e-04
4.220395073273802223e-04
-6.419190743914149798e-07
-1.896929570374490583e-04
-9.256242189714279037e-05
9.125761327976515767e-05
1.195687481665485043e-05
-3.754365838975674374e-04
1.920779095151802082e-04
4.945485089539563813e-05
-2.335683622960551869e-04
8.525072422237237870e-05
2.391758491898954850e-04
-6.531433300356824761e-05
2.060235453267416923e-04
3.659200113261146269e-04
2.804426423408122094e-04
4.138860558788753224e-02
1.263279547166765993e-01
9.299643463313998770e-02
2.051840580814759049e-02
-3.225704494694549458e-03
1.491134159665926696e-02
-7.556916254423936240e-03
-4.314643452018753107e-03
2.172028564568566009e-02
-1.174537469649124775e-02
-1.371359567346999838e-03
5.814901601213101796e-03
-5.359804176573433089e-03
-1.670401874398793783e-03
-3.915835027099448876e-03
-1.302868204028646620e-03
8.115921361053358551e-04
-3.755637936264992222e-03
-1.119220835324805400e-03
-4.192904175249351391e-03
-5.698955721351723052e-04
9.539005406323149963e-04
-3.174347894871035452e-03
4.329167776808388207e-04
-8.342452975540116554e-04
6.267067729563927797e-04
6.891352735952033313e-05
2.797814670144110265e-04
-6.809864606883228458e-04
4.132245693273324701e-04
-1.251416172697028268e-04
7.389675985941029836e-04
-7.882387138234960510e-05
8.947002796179511983e-04
5.981600128046690333e-04
1.073391821032330430e-04
1.663823068682688535e-04
4.414736057007528523e-04
-6.947299851633161819e-05
7.863417590124122461e-05
1.199877953873683428e-04
-5.475872704369111332e-04
-3.435077473240295397e-04
-3.338017124589418841e-04
3.033080907720127196e-05
-2.216780751685793426e-04
1.700585524292970538e-04
-6.377003698836477142e-05
1.383506113256314759e-04
1.005361527474558524e-04
-1.307586918084553272e-04
4.118500101300710814e-02
1.266429218071714047e-01
8.635537708001253532e-02
1.582531950666225470e-02
1.738378566690881172e-02
-2.625459887156154654e-03
8.589799866964527904e-04
2.338792160990782465e-02
-3.509117176157495674e-03
3.823735841583983906e-04
7.251391272099928786e-03
-1.328707034979715023e-03
-4.644700209725773944e-03
-1.506546936694624960e-03
-9.631610689234322044e-05
-2.988277036300726868e-03
6.455708360267853850e-04
5.107393611975247390e-03
-9.562473603881669216e-04
9.694296158040579991e-06
-2.618584274525479361e-03
-5.747182024445785659e-04
3.730535905289728265e-03
-8.334394890403037503e-05
2.360177659176955931e-05
-3.828738747935771952e-04
-2.248767931860861519e-03
1.210591616051332571e-03
-4.584445400689821201e-04
-6.155192397053668566e-05
1.063039651076616636e-04
-1.735903836671234314e-04
-9.025434221437302453e-04
4.161054762827470755e-04
8.643420465919632919e-04
9.227776314212524198e-05
1.863732922264305938e-04
4.987753011956587165e-06
3.142006255034440645e-04
1.204338600539246988e-05
-1.007601558248471434e-03
1.845645280204154400e-04
2.418309586586607084e-04
9.665224662863257810e-05
-4.613054448956431010e-05
-1.626382223166239480e-07
-2.145027634347179365e-04
-7.374620053361473305e-05
2.746871642620661558e-04
-2.205180387188062968e-04
-3.265964516131947184e-04
4.130392915633361584e-02
1.264666257842801123e-01
9.351336928303555229e-02
1.798631651602935685e-02
-1.693855380562304253e-02
1.244190150759789471e-03
-1.456084593594847822e-03
-2.555373557396100476e-02
1.785607767002999344e-03
-1.842764701153743129e-03
-6.652191684562748508e-03
1.229295786901400851e-03
1.946214696487606017e-04
-6.854693753032627167e-04
-5.735184013323110460e-05
-2.876806691181836139e-03
8.854507484248060447e-04
5.038818411626516322e-03
-7.816158573717312723e-04
-6.821744991032277050e-05
-2.970754120684640162e-03
3.601593478370364418e-04
4.686840220593482126e-03
-1.926221696505406181e-04
-3.754140868125594951e-05
1.912586140483433996e-04
-5.069049037249925968e-04
-2.983930535422664194e-04
2.426430286193143981e-04
3.856528380401327046e-05
-6.468155392455040642e-05
1.198231177060866525e-04
9.937904272410893330e-04
-3.647286939413869195e-04
-1.187602297339216025e-03
7.497007105604536106e-06
-3.559777285452094381e-07
-3.091627254862204478e-05
1.907543692860274947e-04
-1.554177902069185961e-05
3.668282268566317112e-04
1.952722691880889980e-04
1.251045823185655329e-04
1.354977050240483621e-05
-2.264838754395905230e-05
1.772566385381960308e-05
-1.774646019854056228e-04
-1.330251735018654028e-04
1.654601267743667254e-04
-9.509653906206581744e-05
-4.280700352453590532e-04
4.067582954783782734e-02
1.243181008707209684e-01
9.497725897694457575e-02
1.711589567656526117e-02
3.786693196169072136e-03
-1.410514719277810095e-02
7.558780330346646925e-03
6.090706047081379144e-03
-2.242980531446738326e-02
1.235555332756638029e-02
1.034486448816836603e-03
-6.804843589752098375e-03
3.576313666162675171e-03
-2.073972364268828958e-03
-4.029030292087985160e-03
-1.078750704727275515e-03
1.085809971462020499e-03
-3.432381747403908268e-03
-1.654744193946738537e-03
-4.089463980868608337e-03
-8.738928912454061717e-04
1.187402738958229838e-03
-3.362413788518306933e-03
2.120347904361929493e-04
-1.592714111994081555e-04
1.059211541608429092e-04
-1.727951123887408393e-04
-1.165035900188496744e-05
6.116995627533198003e-04
-5.387421833825923548e-04
2.585853136136268468e-06
-7.983609926537056731e-04
1.569779518177580042e-04
-9.966022254180690546e-04
-6.837925980570635229e-04
3.513341936382729857e-05
-1.253700682180449019e-04
-5.998919377593780507e-05
1.392825986841925655e-04
-2.324574815518302452e-04
1.125835252375917579e-04
3.275830112403827540e-04
-2.902263377622453467e-04
-3.257733212833419578e-04
8.731556268876004758e-05
-1.937192196660198504e-04
2.092474761624059972e-04
-2.316428939496069687e-05
1.751507884636376163e-04
1.510884384245815115e-04
-2.933063762521084897e-05
4.069215093731636673e-02
1.244379705136940545e-01
9.509754511238460717e-02
1.806608065091303006e-02
5.241803689612892572e-03
1.309890642020782037e-02
8.328501413310197138e-03
8.391649703700576265e-03
2.084929570457979414e-02
1.363965553173113361e-02
2.700383965173334695e-03
5.702582636630515976e-03
3.906300655939633042e-03
2.615830193765870081e-03
4.114568876087661489e-03
-6.486416717460463058e-04
1.637257559738957910e-03
-2.686226980179349903e-03
2.384842341907272758e-03
4.212485979629611126e-03
-5.508686586465392577e-04
1.872844880690849485e-03
-2.511047290887545146e-03
2.582759587038638372e-05
-1.376513098449657388e-04
1.165022605674728348e-04
-8.978397182745366577e-06
1.951583391743130021e-04
-2.778270822026370260e-04
7.782688520978160631e-04
2.119887176617874229e-04
-8.029568549318799164e-04
2.298923165306925671e-04
-8.867985701634979604e-04
-7.573816818143768803e-04
-7.729078105823829583e-05
1.799264801140029008e-04
-2.071805382326644501e-05
9.495640719674080707e-05
-2.184201276720484019e-04
2.222597166299576470e-04
2.315432980564635862e-04
2.449843316459513810e-04
2.400155436055491094e-04
-1.423662828787403416e-04
1.022010349589390024e-04
2.258271935045809344e-04
-4.934340828388928692e-05
2.226959836276153342e-04
2.441327476468114989e-04
1.031773589123271640e-04
