1.401401873428025080e-01
3.441405652097871970e-01
1.151441927766957862e+00
1.817098832229496086e+00
2.183212551211673791e+00
6.276596763493146325e-01
-2.020216677351787116e-01
3.851754228721855355e-01
4.220401577933150516e-01
2.408446329391688429e-02
-1.134578995955098278e-04
-1.007448015809458080e-04
-1.634305729326531893e-05
-6.378919269820013810e-04
-5.764104279086571490e-04
-2.322118406335170774e-04
-5.525367141669540461e-04
-4.402621764169305099e-04
-4.949687080938621722e-05
-2.159707048518979926e-03
-2.059141845357014868e-03
-1.022356558410838926e-03
8.559824836520001437e-03
6.355452725745263515e-03
3.206897315651034610e-03
-1.641774049166942143e-03
5.245737943230909493e-03
-1.007662771362761956e-03
-3.773899689839245886e-03
-1.888016896009508637e-05
-3.747663528867812210e-04
-1.471839002910109884e-04
-2.781234945122232032e-05
-3.507921417288993398e-05
3.389405946670144806e-06
-7.681004727614808910e-05
-2.307898254843338774e-03
-8.524040830056173190e-04
1.043406586712720269e-03
-7.881652761868272739e-04
-4.245444355060030658e-04
-5.277926310783452417e-03
-2.223136664880910867e-03
2.999000473023146190e-03
-2.605511456336319451e-03
-8.009970066081391815e-04
5.468855611570951764e-03
3.347259192221947992e-03
-5.242339774424516208e-03
1.941973383319626958e-03
4.146592266741530689e-05
1.500793832481698642e-03
5.161551333157732638e-04
-1.956281244405312647e-03
1.055356921649516387e-03
-5.127253546574898397e-05
-1.081174895403514379e-02
-6.150193679642375344e-03
-9.561630305815967817e-03
1.304582425964457421e-02
1.745814138043816702e-02
-7.839046013251201039e-03
1.481455746523726441e-02
-1.797004916737337740e-02
-1.041463887182806150e-02
-9.770488321632717771e-03
1.868226025561267947e-02
2.312160527406198485e-02
-1.017837313395511013e-02
2.128100917919386811e-02
-4.354483209629837065e-03
-1.440184133164939097e-03
-6.296501875274004725e-05
3.531252176172904305e-03
2.574075181801197248e-03
-6.094887922959452576e-04
3.540068201133054170e-03
3.896643151470349266e-03
2.105634035279305843e-03
-1.391074723871959075e-03
-3.590937405964568594e-03
2.003161127631743980e-03
1.065916685771680847e-03
4.676012788809301955e-03
-3.786100549236400860e-03
-1.527996010540172899e-03
2.450041526513340763e-03
2.128705519280155601e-03
-1.056791699061379380e-03
-2.291156188116049135e-03
1.820813693657381003e-03
1.160093031740918630e-04
2.777499032525972480e-03
-2.554443693609242515e-03
-1.644404324548388299e-03
4.930963645146868232e-04
-2.848360431379258029e-04
4.621366934020104331e-04
1.013233101303488704e-03
1.786528327884637961e-04
-5.792436949471917087e-04
-5.841392702166988148e-05
3.879791172098416520e-04
-1.374678464373465679e-04
7.819958522010464486e-04
9.335017984927636552e-04
1.401244544253126278e-01
3.441544454831197974e-01
1.151363133028778130e+00
1.817117363340349234e+00
2.183102702445165910e+00
6.278957845293564599e-01
-2.023016352658451034e-01
3.874935998519642988e-01
4.147642452782345779e-01
1.762145363988437685e-02
1.377435282231384735e-04
8.053961631055980635e-05
8.099764895519814302e-05
5.611303117509231072e-04
4.587329456492237473e-04
3.836336814847320130e-04
6.137999353152032676e-04
3.636890904915563534e-04
4.616376957406268791e-04
1.915802909010323480e-03
1.567596080496241277e-03
1.089825621857319106e-03
-7.633583852479493455e-03
-6.219510518337153723e-03
-4.273715452235181574e-03
-7.238321762577536091e-04
5.125422794424602194e-04
-6.168393857779963475e-04
3.207004306721106880e-05
-5.078965674387937376e-04
-9.368747961784353300e-04
1.316270469157054399e-05
5.138301749319421939e-06
1.076256768071177965e-04
4.631861513311823605e-05
-2.462778324058345758e-05
-1.955149294347245572e-03
-7.736078791169528944e-04
1.612479916586089359e-03
-6.574239274704636810e-04
-3.840060907456002118e-04
-5.314454984703046239e-03
-2.253677753454498382e-03
3.330010282274599963e-03
-2.008088777449668766e-03
-1.154124076020868932e-03
6.277307918173567758e-03
2.573463677112032902e-03
-3.399818523938864280e-03
2.514713605128473823e-03
6.084356395665349842e-04
1.403192459661574583e-03
3.255258380483109343e-04
-5.578001691008178812e-04
4.944436727817284492e-04
5.111182134975617193e-04
1.486392540053459339e-02
-1.392880897317830919e-04
7.563901314574043508e-03
-2.004391131856923455e-02
-1.097274788662641436e-02
4.754724732635959815e-03
-1.313803747914030901e-02
2.245155439983682194e-02
3.415196236782398059e-03
7.185955128811686958e-03
-2.572656614763011579e-02
-1.531743292620437596e-02
6.271428544435608474e-03
-1.825457741159423886e-02
3.975678498220367590e-03
2.084177814228309767e-03
4.108462730307732997e-05
-2.871897204810501883e-03
-2.855661650283226362e-03
1.131625872520318835e-03
-2.348724189510962863e-03
2.248909702294720099e-03
4.786511161221082729e-03
-1.612030118601891953e-03
-2.232544111414530748e-03
3.453845683162433400e-03
1.300025895683994430e-03
2.799729982036895746e-03
-4.171387670470036620e-03
-7.953757519091443975e-04
1.594223352402085675e-03
3.162806201673185741e-03
-1.400242980414167929e-03
-1.781434068257494200e-03
1.931335941234001282e-03
3.483792419281788312e-04
1.555680918105513746e-03
-2.467468351885693766e-03
-1.194389176099745591e-03
-4.511954223790856926e-04
2.825193340533781769e-04
-3.258103770532790066e-04
-9.100084618904966810e-04
-1.317782989475306786e-05
6.266598401222140974e-04
-3.718769880271361958e-05
-3.222166591137750127e-04
9.257914914433446507e-05
-7.743954072619905040e-04
-1.004739778580315606e-03
4.103948871049199754e-02
1.260388573049173178e-01
9.243666954401115465e-02
1.758930894931451383e-02
-1.312319304520903271e-02
5.142132735341597505e-04
1.098746220000365592e-02
-1.967922134082910821e-02
3.333547395661072012e-04
1.609953025599021245e-02
-5.727073283118984046e-03
5.825274733496308690e-04
2.799415150676025019e-03
-2.023463340103661085e-04
2.095845488793338747e-04
7.721925208046142739e-04
-5.123992255888906375e-03
3.044029092389578806e-03
-2.432030626601357562e-04
-1.521302021680960071e-04
1.030631082398759235e-04
-4.431335042501361593e-03
2.835795990868184274e-03
3.181983358112368417e-05
1.278864226576468795e-04
-5.627305576761779159e-04
4.928052321986728553e-04
2.833046904598758144e-05
2.030611681757633674e-04
1.905768619083357250e-05
2.815031737600837800e-05
-5.271068739160825710e-04
-8.445680982557395586e-04
1.099800748112592010e-03
-6.085863983805860512e-04
-1.595859084539739503e-04
-1.280974719910422282e-04
-2.431321225619842050e-04
7.766863478292380517e-05
3.781690539566380711e-04
-3.148065156586409171e-05
2.325805248280524628e-04
-3.356544271607912310e-06
5.552951430026665001e-05
5.541589055759923294e-05
-1.486445733133850695e-04
2.833326359328444872e-04
-1.009812584854360458e-04
-2.326224630204821542e-04
3.511232262084074260e-04
-2.589512068103177805e-04
4.107298788427800329e-02
1.269997593081488019e-01
8.829044995607168711e-02
1.399700334746246250e-02
5.928068964683167429e-03
-1.617485968576875752e-02
-2.088877996381373022e-04
7.848620560151174305e-03
-2.311472780484260039e-02
-2.208492909052226936e-04
2.828834602541338995e-04
-3.736130270027102941e-03
7.886583178962386538e-04
-3.376464852724588885e-03
-5.502244440829455018e-05
-2.967767998792566510e-03
-2.246140620709956699e-05
-4.041031469234557943e-03
-2.337846225823970395e-03
4.490417699329853269e-04
-2.185222707537775449e-03
-1.363021369275805314e-04
-3.291996410840807713e-03
6.957559980926563163e-04
-5.009801203879471606e-04
6.976260620736165563e-04
1.985070217450580132e-04
2.003916331462060499e-04
6.369733655729227246e-04
9.220972025954212380e-05
8.169186776105196975e-04
-2.508827928239335534e-05
-4.084520839347383493e-04
8.809413641614346438e-05
-1.073917208233269791e-03
-1.305733512880108177e-04
-7.183858037023940117e-05
-4.339574035090585833e-04
1.807550861785835021e-04
4.048431158141622423e-04
-2.206712318548464133e-04
1.767350499046280859e-04
-2.339111434500186861e-04
1.197362155981378197e-04
-3.050461922372335166e-04
-1.884596606135509155e-05
-3.635115611358075345e-04
6.267234002582674850e-05
-3.179487197555736899e-04
-7.777486618205275070e-05
-2.669610320735491329e-04
4.107794175334023717e-02
1.259244226383138821e-01
9.432155074787484939e-02
1.793331899470874957e-02
-5.280967138209424067e-03
3.660442210699471621e-03
-1.572655691832008928e-02
-8.361282921890903289e-03
4.864496865139615600e-03
-2.418106756834117674e-02
-1.959342023401207389e-03
-4.166281799775653450e-04
-7.079110621823955611e-03
-7.333343961350703667e-04
-2.096482483192748606e-03
4.681521164395077532e-03
3.019376576427088184e-03
2.477638756585744790e-04
-5.818366419191518032e-04
-1.183691059943984408e-03
4.501369367906589598e-03
2.843460548751741007e-03
5.421993794212107490e-04
2.126379613537968929e-04
9.262456363629644049e-04
6.154470393303065944e-05
-6.242689231297249579e-05
1.488463179984316414e-05
1.667685258675953184e-04
4.634271220483957834e-04
6.903587011161998934e-04
-9.742092468280139431e-04
-1.012083507902741559e-03
-9.555255787699029992e-05
-1.104870600474915570e-04
-1.663788457469343848e-04
-1.437522370285835302e-04
-4.102135684699758831e-04
-2.769077948875408229e-05
2.503388714759956029e-04
-2.598283849101323383e-04
2.905454442426931593e-04
6.177343256990573694e-05
4.465332489381669166e-05
1.344344718959781116e-04
1.896436133057836004e-04
-7.259156101324051207e-05
-5.355621597535152731e-04
-4.566106599840789919e-05
-1.241970273012611768e-04
-2.987707596317168844e-05
4.140678685274251647e-02
1.269725313487121976e-01
9.395270664467079980e-02
1.638327456190303774e-02
3.143939241823271585e-03
-2.438609325134358675e-03
1.687115975382362520e-02
5.247082489571745258e-03
-3.278515624836793926e-03
2.527355032259680570e-02
2.396710088594224217e-03
-7.529654927613000509e-04
6.242785723236347374e-03
-2.275797374425506797e-04
-1.393745764779208765e-03
5.605316845274547349e-03
1.848015262918560131e-03
1.069774055874727215e-04
-5.298236098571240150e-04
-9.927494837887610238e-04
4.830065078318566615e-03
2.136945251543187225e-03
7.990647478386831153e-05
-3.642706727888584046e-05
3.041710064302045121e-04
-3.245821549889368494e-04
4.197740041627395801e-04
2.762075284894238204e-04
-1.240156478933438443e-04
-1.790138122297816714e-04
-5.094517393647493954e-04
1.319868287752962166e-03
6.468107857525559525e-04
-3.410622115954795226e-05
4.089529579960561514e-05
1.966514975344523831e-04
-2.108622329702926899e-04
2.270967967358991613e-04
-2.461392087802045329e-04
9.218034962867850546e-06
1.846889706372816951e-04
-2.050103969047318902e-04
4.619642583634656150e-05
4.757888062275783157e-05
-7.972887304677633174e-05
1.728862320699482171e-04
-3.479054305679795149e-04
-3.946778291995724653e-04
-5.284165590739047153e-05
-1.316667439448877450e-04
2.587300990545660001e-05
4.061409317539363406e-02
1.244691801330704423e-01
9.479402791407670614e-02
1.718412988957112447e-02
-4.454074372296054803e-03
1.562464735193341836e-02
-2.637019640436139012e-03
-6.514208758689819800e-03
2.518937411078363969e-02
-4.061854300740555881e-03
-8.934518572750070262e-04
7.112663557186000435e-03
3.040733970794597948e-06
-2.625237289744100557e-03
-1.582142444480645789e-03
-2.688481999859138136e-03
4.544944842038291613e-04
-4.228683833144968388e-03
-2.097270389026403576e-03
-1.240509667984550368e-03
-2.659176741121948608e-03
8.627660283267502602e-05
-4.422819420381540051e-03
5.528348233461346378e-04
5.163277723226212396e-04
-5.017618547206579476e-05
-1.918834191883925808e-04
-1.652439848264069784e-04
-8.705443086577867263e-04
1.714546046447466810e-04
-7.353563744698233661e-04
4.978238178095288581e-04
2.910872380428576557e-04
3.699531904717039609e-04
9.688558202449447940e-04
-7.022415549620134274e-06
-1.057361326147790811e-04
-7.735210450881615260e-05
-4.165358076702499576e-04
-1.745655225049267561e-04
1.100951627516310829e-04
-1.900369801091110662e-04
-2.211482078480717659e-04
2.265512633516235893e-05
-1.197717233268786474e-04
-2.352789840653893489e-04
-1.543664092245013912e-04
1.231812658100896901e-04
-2.448304247402450086e-04
5.454900751659434396e-05
-3.023840142854633257e-04
4.068097747371567791e-02
1.243810566117928146e-01
9.498029214603706527e-02
1.736561054913049462e-02
1.364164081375731155e-02
-3.448770294127438425e-03
-8.526103366768887984e-03
2.210580901581526286e-02
-5.177358087667089694e-03
-1.325017921048227132e-02
6.016289230920979572e-03
-1.093582751945848097e-03
-3.701293665982693937e-03
-1.708924204247796313e-03
1.126343147024472593e-03
-5.813135812594675015e-04
-4.365474655737016166e-03
3.332933081437942490e-03
-1.708820090484390163e-03
6.523245009908840023e-04
-6.968684935760911412e-04
-4.168444170937243842e-03
3.389123511018260655e-03
2.312681828647342554e-04
-1.148707509665823520e-04
5.074485701688131073e-05
2.333135202747746721e-04
3.696161379282847397e-05
-6.155280029460845174e-04
4.853878378759330704e-04
-6.710718859552115096e-05
7.691475278346961717e-04
3.250862491915065518e-04
-1.016350990786350382e-03
6.593452452517015259e-04
7.653085089966245780e-05
-5.324028286118391157e-06
2.115841047938038825e-04
-2.806084987196625800e-04
-1.229466736962180865e-04
-1.054130844579115187e-04
-1.290025237249349435e-04
1.214668765656521548e-04
-1.056419461033202673e-04
1.171456261587734763e-04
-6.842644512088526837e-06
2.345180216413072019e-04
-2.627385005469991307e-04
-2.406490518793453150e-05
2.564338049102141397e-04
-2.474887277483824163e-04
1.403738713705807439e-01
3.435652744524381186e-01
1.152383623147718694e+00
1.815579009066762728e+00
2.185077434633279747e+00
6.255719581801688634e-01
-1.923895179840004188e-01
3.656945651740773351e-01
4.252728975333238681e-01
3.678035862089149705e-02
-1.019538478031101366e-05
7.779999685243723046e-05
-1.097203790083889363e-04
-2.805798890096504938e-04
8.590091582885272387e-04
-1.006795793706035140e-03
-6.147513049259217214e-05
5.022495869557181553e-04
-6.625517754256091867e-04
-1.056198454668147695e-03
2.617056347257095024e-03
-3.089822972854156923e-03
3.723266558313793450e-03
-9.234982009456561489e-03
1.118652468795495666e-02
-2.185235768449274914e-03
-5.637702826743899763e-04
9.191011937882570017e-04
-3.266144939566650949e-03
6.382905574453726257e-03
-5.611345826087847655e-03
-2.839816179140588660e-05
-6.457626447311778982e-05
8.610689543116182708e-06
-2.543933747312772874e-06
1.586299192327706874e-04
5.157215336025544128e-04
-1.184977619652420990e-03
-8.447417240834726327e-04
-5.845165153840182169e-04
2.259045220348731339e-03
1.106248730277048465e-03
-4.901376027760217559e-03
-2.500628096511463283e-03
-1.291890137956638266e-03
7.125584175955127116e-03
-6.424072767240808285e-05
8.019143337491931381e-03
1.902141085886910853e-03
-5.009141129070452400e-04
-7.105723831151340882e-03
-9.490950886030278611e-04
2.224095087092239822e-03
1.380448355486289108e-03
-6.627011218825828260e-04
-4.748554545998164532e-03
-1.569703880723065728e-02
3.746784995187462785e-03
-1.217615112500294687e-02
-1.576056813943081322e-02
-8.923691703359546909e-03
7.373337626312076627e-03
1.089727436429265180e-02
-2.611265434855288350e-02
3.441727547328001392e-03
-2.556622049728760060e-02
-2.713321475948633418e-02
-1.303826896137877042e-02
9.649629742474939015e-03
1.704497405303199292e-02
-5.343627902767282903e-03
4.945335690712695620e-05
-7.036277710946781117e-03
-5.652157431494810036e-03
-1.626353728692662287e-03
1.712574953939874052e-03
2.639097523805065699e-03
6.674471065670622982e-04
-5.048723821124973324e-03
4.569941795358497053e-03
3.707776625485938084e-03
2.972225435482781560e-03
3.758296453257881369e-04
1.385373677542867370e-03
2.744240718281624504e-03
3.339123133906651657e-03
1.419594323272521750e-03
-4.064935711648775922e-03
3.971353613807521686e-03
4.056043220912987184e-03
4.048753038634137977e-03
1.193136908952282171e-03
1.752116165633581897e-03
2.138955790903687704e-03
3.998627063499142834e-03
9.596766234454564117e-04
3.008257790200165793e-04
8.398815448569990410e-04
-4.525089676219058981e-04
-6.684070739441438707e-04
-5.724658652533001356e-05
-6.346763100575411988e-04
1.176125069154046942e-03
-7.796392457519193237e-05
3.550107379146588520e-04
-8.463771989513733246e-04
1.400660534991710060e-01
3.444143484338859640e-01
1.151244715131329865e+00
1.817910267510723488e+00
2.182944542488128192e+00
6.280312200683666468e-01
-2.046906347322905995e-01
3.918822667111755975e-01
4.119991207296956337e-01
1.271733607411616035e-02
1.958367134979949528e-05
-8.785404196183895431e-05
5.933546465626464379e-05
1.498406745719731658e-04
-3.527516355190529621e-04
-2.863869084937124073e-04
4.256880290238068573e-05
-1.060480279049231758e-04
2.565575662165038356e-04
8.038451106713423965e-04
-2.476439459232452830e-03
-1.419101721516794097e-03
-1.933510370547532591e-03
7.684833879967135038e-03
2.812543014553188329e-03
-1.051517505952872774e-03
2.822228917318283809e-03
3.142603672674588663e-04
-1.620026304293977639e-05
4.191156985794535980e-03
-5.841129819375450762e-04
-6.112175327629791520e-06
1.900036706529480016e-04
1.270722519740414506e-04
8.747102618400925554e-05
9.861789301577791043e-06
3.480303657227102406e-04
5.657485285152886404e-04
1.344788840114437842e-03
3.845983607471500270e-04
1.817402253512362875e-03
2.174999593957301688e-03
-9.608689221882112412e-04
3.469036130055004521e-03
6.475105567726154379e-04
4.447075785634849697e-03
-2.246311794991761137e-04
1.457133726589844710e-03
-2.414124853369638540e-03
-4.912155930932962959e-04
-4.977176272859452737e-03
-3.460635400867118679e-04
6.552576788477668633e-04
1.261015883802462321e-05
6.750008574764082732e-05
-2.176626315307768691e-04
1.387228720499811274e-02
-4.034374368941138350e-03
1.308275379113710800e-02
1.640747576998338383e-02
1.239168115882286793e-02
-2.432324761663835332e-03
-1.375825728016336069e-02
2.088476211081708583e-02
-4.557045891160169983e-03
1.952839549810608810e-02
2.082596297667266283e-02
1.416678733949085049e-02
-1.138077941072525604e-03
-1.824268502231360389e-02
3.639748963786120731e-03
-3.484354653394510751e-04
3.479446538867762666e-03
2.840442640289162716e-03
9.447513499929916956e-04
3.157390860762044260e-04
-2.673160679349213982e-03
1.256390803395827861e-04
-3.496114985922371774e-03
4.754818103243247350e-03
2.049272024297700123e-03
3.271829792743072979e-03
1.101359273555168857e-03
4.547397176552679058e-04
3.367275397901634687e-03
3.499121153026911891e-03
4.396819511940154601e-04
-2.515983184381854684e-03
3.026044507607577802e-03
5.601497724956502585e-04
1.823847185386437289e-03
2.730611765781256091e-04
9.748698337606288497e-04
2.157014612408931793e-03
2.702496272797693701e-03
-7.556870519149134525e-04
-1.710137418507951196e-04
-6.489047817713012927e-04
-1.257837549996711245e-04
-6.533979827259442461e-04
-3.733094837843517716e-04
4.612964855658290773e-05
-4.842895284805842160e-04
2.249563117817387516e-04
-4.129152297814693237e-04
7.926962656914077459e-04
1.400484845112887899e-01
3.444565578732040056e-01
1.151180265229670541e+00
1.818025504484562793e+00
2.182870749519743026e+00
6.281482380583008895e-01
-2.049905199600186578e-01
3.925320438877452078e-01
4.102753029646564187e-01
1.547639477281295695e-02
1.470391027530177841e-05
-7.964519850898334034e-05
1.092111086024227313e-04
3.788383609709847319e-05
-3.006639591114120200e-05
3.710171556438330697e-04
-1.061573858129481653e-06
-5.717105799367092371e-04
2.376694648430653569e-04
4.063049527195822263e-04
8.844901143116695426e-04
2.398264813823419456e-03
-1.150305970095727610e-03
-1.542993942657437667e-03
-7.827129189849910476e-03
-2.911310281862638442e-04
1.592332535138984246e-03
-2.501526183624659758e-03
-1.382905798278602971e-03
6.163313375254035869e-04
-3.410147973963638564e-03
4.106626483235719852e-05
4.848824266592561671e-05
3.285046319329667221e-06
-1.024479911395800295e-05
9.830713438527221681e-06
1.252261288943819131e-04
-7.910315991445834296e-04
-1.681650646358820878e-03
-6.461048313973600209e-04
3.316775525561469992e-04
-3.888618596512893920e-04
-2.800911338280233365e-03
-4.976556972498539198e-03
-1.882605679523063555e-03
8.421704064562251721e-04
1.262573036122959349e-03
3.573674086243444886e-03
4.934083758008370180e-03
1.064182821253516686e-04
-9.640881154335872658e-04
2.086460742003900756e-04
5.883449169721807802e-04
3.089055328615500210e-04
-4.334818527868473156e-04
-1.342973875042632610e-04
1.752306982833473289e-02
-3.438337372260681559e-03
1.358654642964278979e-02
1.554877439812112766e-02
9.691040783330075875e-03
-7.080482419238831940e-03
-1.052959366520224774e-02
2.064267177822935381e-02
-3.009743489825029549e-03
2.116409052739701493e-02
2.247049724295671971e-02
1.270995050253676505e-02
-9.235567702988825220e-03
-1.252506789499102484e-02
2.283584938174923126e-03
-1.779876317331588557e-05
3.932524945007489538e-03
3.829222961182180904e-03
1.576698191436544426e-03
-1.278762500936651879e-03
-1.448179297257920928e-03
-3.060125491554426231e-06
-4.557351972026787469e-03
4.333083562071718756e-03
3.718877148731830010e-03
2.539374703373107646e-03
1.988764028800469078e-04
9.768307647440147880e-04
2.169286254974395201e-03
2.940653082089232651e-03
-3.079939043167655719e-04
-2.837999205845093045e-03
2.738864232546944517e-03
3.222795304098401929e-03
1.555064074841313801e-03
1.183404056539641636e-04
-1.908766941890732835e-04
1.331265875463348829e-03
1.458901691764935343e-03
4.007284080936330807e-05
2.294238955726288689e-05
1.831961702819003761e-06
4.766499167238416363e-04
1.257647352092028034e-03
3.791812677547518832e-04
4.866172011198285885e-04
-5.668615362235645671e-04
-3.309073303848995818e-04
3.170060409972712858e-05
-9.600246268375017952e-05
4.159709670595854170e-02
1.280708739844530764e-01
9.015968193134241138e-02
2.042908486413472571e-02
-1.631705290305926828e-02
4.131462949159263147e-03
-5.223710585503620746e-03
-2.246069917102259950e-02
5.377642497015208689e-03
-7.101431478432757884e-03
-5.656489869215128481e-03
1.307763573782628162e-03
-2.095580705859323781e-03
-2.281139972892595649e-03
-7.117179362536049745e-04
-2.251325940196088286e-03
2.924922111547111330e-03
4.234596328842870662e-03
-1.675701266338262569e-03
-7.900335791752714255e-04
-1.763038062533985343e-03
2.231173661874495673e-03
3.483124701730815152e-03
3.774723470344611793e-04
2.155058575580583757e-05
2.003703809841888390e-04
-1.604923826112105985e-04
-3.519524717167974532e-04
8.680726902812125126e-04
3.182037010954227949e-04
7.951602310657604890e-05
7.460151416141529591e-04
5.507607252026970124e-04
-7.046736320993521969e-04
-8.910099497698733238e-04
-5.952879827724499081e-04
3.259013361846109882e-04
-3.626052207499140100e-04
-4.996659564475441516e-04
-1.488673814849306230e-04
2.234060028343120175e-04
1.494460731510048308e-04
4.701441514958623808e-04
-2.858287248240707333e-05
4.983909517698413425e-05
4.495916081381971341e-05
6.648885937470693950e-05
4.440665863244332460e-04
5.811809258916042742e-05
-2.560613011831489776e-04
-1.025614149250004346e-05
4.179201467471293369e-02
1.289088575473039677e-01
8.813984708683367253e-02
1.606411526465337594e-02
1.139772803669128129e-02
8.683469817413231803e-03
-1.051329176454071299e-02
1.526200619486239689e-02
1.188309672070344408e-02
-1.398437072311977877e-02
3.543717583461110203e-03
1.313004895627804553e-03
-1.896383325229907208e-03
3.376220851285445003e-03
-3.051409004074171708e-03
2.072035414357468379e-04
-4.074018685337384496e-03
8.248046507455461529e-04
2.385105014253446724e-03
-2.446971017893257664e-03
-8.725847880004085832e-05
-2.836460898637442520e-03
9.904794749430029504e-04
-2.427938957442599523e-04
7.668590870970867562e-04
6.605075209455379655e-05
4.976077095436343047e-04
3.831314622333528729e-04
6.753991014219852063e-04
-1.001239547868321362e-03
5.277968570933337785e-04
7.593003632599230890e-04
4.685844758765842573e-04
-3.023259484981950687e-04
-3.427735527591883489e-04
-2.193628074917598639e-04
-5.719207210693740229e-05
-3.713497055690257701e-04
-4.872939037146455685e-04
-3.972003166433459888e-04
4.717569979442100031e-05
6.450211458918755827e-04
5.756694311184695035e-05
1.175986740228813398e-04
-2.258783298411173044e-04
6.553553865999379514e-06
3.975179290226202897e-04
-6.443575238693659616e-06
-2.101053621305777846e-04
-1.703056421129766035e-04
4.296118244991995903e-04
4.144658051468186333e-02
1.275320421714431496e-01
9.302188482617287923e-02
1.616123095917401317e-02
-3.260022008308021378e-03
-4.168882393985661426e-03
-1.658508954490751225e-02
-4.824315368173379831e-03
-6.427399364997198571e-03
-2.441371139331702939e-02
-7.547802582251922398e-04
-2.285356049585185890e-03
-5.542074509950837766e-03
4.502160956581576379e-04
2.339846952759289025e-03
5.211710402046648184e-03
1.879841652047723908e-03
-8.784096384607738587e-05
5.281902969397983755e-04
2.494220873371810754e-03
4.364239306547276938e-03
1.502636381672491474e-03
-1.125943926822937588e-04
-6.487837100149831937e-05
2.132831748409833093e-04
-6.083422568702678921e-04
-3.036601105119209878e-04
-2.815600328162548485e-04
-1.883659432998461831e-04
-2.017222591057612785e-04
-7.746300961426007183e-04
-1.134446752882945549e-03
-6.177513584803767189e-04
-2.146456454597880914e-05
1.126150135865678975e-04
3.579521958348516218e-04
-1.248674891678844712e-04
4.372081269499401222e-05
2.910871269894599496e-04
2.084915798767080592e-04
4.371874520683867807e-05
-2.376262579404539671e-04
-1.151321446456817287e-05
-6.808328893874102117e-05
-7.857960262971443492e-05
-4.063109970248496208e-04
-2.582592964486178188e-04
-2.856324092783544448e-04
1.460752822290758437e-04
1.389204589941074022e-04
3.509227356829942455e-05
4.120867308571581761e-02
1.259881942734759341e-01
9.416307095816792150e-02
1.774114597831963347e-02
1.637071913023981778e-02
-3.182378998878674248e-03
2.818366338472613319e-03
2.496990698862902591e-02
-5.415617816863712262e-03
4.723527622661611441e-03
6.830628746871165655e-03
-1.588512406784941926e-03
1.388315934007728790e-03
-1.790207563079674940e-03
-2.625166256518624767e-04
-2.672883485036755581e-03
1.739917383309811088e-03
4.584865866890466997e-03
-2.258251484145535042e-03
-5.684360374762424499e-04
-2.417147981540037748e-03
1.606477148321078978e-03
4.278148758417412920e-03
7.614076086411964664e-05
1.228378861832378922e-04
2.751655906608895148e-04
1.154594762531313941e-04
-8.070773127093006582e-05
-6.681023431169533146e-04
-1.809780675965036044e-04
1.270547713045761505e-04
-4.086606621624714816e-04
-7.827316842789449735e-04
4.147632160033560026e-04
9.671057916235807107e-04
1.759955075502060175e-05
-1.430305456009987246e-04
1.000942145912450768e-04
1.827968206226531802e-04
2.402230659857018137e-04
4.951761441613724456e-05
6.617857455734130365e-06
3.164244272698466648e-04
2.684742747561142613e-05
-6.590792466342488003e-05
2.424017704410048158e-05
-1.986223396602314968e-04
2.797674266128018271e-04
2.468567060610345589e-04
-1.062900692561637519e-04
-1.334023465557388529e-04
4.119219554257503441e-02
1.257891416269674156e-01
9.407285053264929919e-02
1.754178980464651816e-02
1.580842457665369155e-02
-3.908521825107517771e-03
4.643698448260782582e-03
2.406847866402623062e-02
-6.194739104793223032e-03
7.663938553987124751e-03
6.682596235744461995e-03
-1.667960807339215028e-03
2.838970321107818408e-03
-2.353187462112480300e-03
-6.111216386395990552e-04
-2.313073691848294058e-03
2.545758573186472640e-03
4.194939719667165230e-03
-1.789614759365410531e-03
-9.023982302111664298e-04
-1.968454005053385785e-03
3.005677274983369410e-03
3.741179119456275026e-03
-1.005209859919342375e-04
7.605351648087233722e-05
3.655198384657084524e-05
2.337511218902944127e-04
-3.091455771395406758e-04
-7.218865620122661862e-04
-3.717026019348560308e-04
3.872036363854606172e-05
-5.381682481439885399e-04
-5.714847863161859158e-04
6.922798778862634299e-04
8.358679171122289451e-04
2.571087169575065798e-04
-1.110815329276663548e-04
2.047996998370399109e-04
-5.074597096678749153e-05
1.310574695815577633e-04
-1.986719759826153931e-05
-2.848819255144362608e-04
3.865146634891844036e-04
1.145282359493063969e-04
3.063683948278516245e-05
-3.580210007808073101e-05
2.178172316493771622e-05
2.744289347598635981e-04
9.001371674485489415e-05
-2.711900312954050531e-04
-2.248833692631781081e-04
4.133522363778854153e-02
1.265950654851074331e-01
9.243089541304838619e-02
1.624485285044145744e-02
-1.130205937469541157e-02
-7.754871818698096282e-03
1.054226643265195051e-02
-1.604399097510650005e-02
-1.162089716458118357e-02
1.602646445127914321e-02
-3.873854556138929105e-03
-3.214250473489696763e-03
4.373451515099525955e-03
3.094750660544578515e-03
-2.841402296102730693e-03
3.146413673490702149e-04
-4.091131814068092037e-03
1.105149049106036660e-03
2.432959563802522193e-03
-2.835160867061995316e-03
6.094768709510820512e-04
-3.752129999503513690e-03
7.883322680302390492e-04
-1.420701642074840361e-04
-1.053757714859257890e-04
2.162111851255699510e-05
3.011144675291289272e-05
-3.506319268069785049e-04
-5.969686328129001924e-04
1.016206956022019329e-03
-4.184365451254151345e-04
-5.517876490134386754e-04
-4.831846920442082354e-04
4.092313048437371393e-04
1.605395693654837854e-04
3.550002691189362925e-04
5.278889375573140772e-05
1.116749454871907254e-04
2.239136859117100041e-06
-1.542055247304305391e-05
-1.844731775397789062e-04
-5.760969887469599932e-05
-1.414416525320517112e-04
3.290698574126336528e-04
-2.976016269537297486e-04
8.372847296248697333e-05
2.455823484845834695e-04
5.038059775674326207e-05
-1.117685980562143651e-04
-1.331891232434763830e-05
2.316942591872052620e-04
4.055268706899900488e-02
1.238888955004867481e-01
9.300087060410378026e-02
1.721748731208956953e-02
-9.295661459871470966e-03
-9.603787099678373976e-03
9.731775115341113197e-03
-1.388760715938911448e-02
-1.513115221632297877e-02
1.532806350560333118e-02
-3.584190249974764965e-03
-4.853919432565538018e-03
4.118605669604114353e-03
3.284058114214148411e-03
-3.456239880668322394e-03
2.183172138050531606e-04
-3.443506595336074966e-03
-9.598989298869844066e-05
3.172074650673245740e-03
-3.590432175425165452e-03
1.879454698920014928e-04
-2.814110887192013740e-03
-3.217877340858766948e-04
1.777401924536606967e-05
1.470040716126981635e-05
1.792831269797555112e-04
1.729425290700395542e-04
-1.879841329049809740e-04
-5.313636412459027056e-04
1.136647789135272930e-03
-4.798242682310011097e-04
-6.577494986364450756e-04
-4.249632930612216018e-04
-8.574703538913125910e-05
5.227731633621774407e-04
1.043568529349571074e-04
8.783198735340668221e-05
-2.277051123079325759e-05
3.622896503898841614e-04
1.388257282988039957e-04
-1.029842395969094939e-04
-9.205867035459276368e-05
1.043213614669351254e-04
1.414476566080148157e-04
-2.053805445112641371e-04
-1.546409681687493237e-04
3.447707445227331182e-04
-1.143523965640499957e-04
-1.843557741620308670e-05
-2.444444144815560846e-04
2.058527971794021818e-04
4.062211623078281625e-02
1.245310481752415349e-01
9.498941601346329311e-02
1.741696849129526284e-02
-2.208979027114275906e-03
1.616623262890112475e-02
1.373095483212017015e-03
-3.339745772050354937e-03
2.608321119856120071e-02
2.392374018491062043e-03
-5.710512079042361902e-04
7.101268616032654565e-03
1.576029307230131585e-03
-1.362868446379491248e-03
7.929048717983328345e-04
-2.862900290997405246e-03
-1.131853752481234624e-04
-4.826338042925054465e-03
-1.085560266545940655e-03
1.132430092739897601e-03
-2.930501058283953037e-03
-1.912080309524301835e-04
-4.781456612197308373e-03
2.618167654076300195e-04
4.885391049608781705e-04
2.193700448388073720e-04
1.740599467271841102e-05
1.834296521669683867e-04
-1.121598770417689623e-03
-5.925810324804914244e-05
-1.018151484351184719e-03
-3.182019733949929710e-04
2.142815595997548306e-05
-8.536258908213085377e-05
5.325874901136489403e-04
6.300473254589928794e-05
-8.689470764265780790e-05
6.177901806759083223e-05
2.495176988463833670e-04
2.326901881476580130e-04
-3.258736947437365140e-04
-2.022692557110786790e-04
-2.199560254824491513e-04
7.294316532441901348e-05
3.449871820012447455e-05
2.818291026857859148e-04
-9.753474676028081429e-05
-1.384863331615961150e-05
-2.191500249129562608e-04
8.067873199230379572e-06
-3.426716044576359754e-04
