1.401712577110751090e-01
3.440865679401618471e-01
1.151563907145241039e+00
1.816994386564711128e+00
2.183278771952963382e+00
6.275878342876304306e-01
-2.026852435174687772e-01
3.856972694593022166e-01
4.264953886601265953e-01
3.309302139432687001e-02
1.137373084391190929e-04
-1.371348236825893169e-05
-6.297457831346715276e-05
7.238248191031086643e-04
-4.200480290441486650e-04
-3.747907041790560028e-04
5.141666911014458564e-04
-1.599069642763100557e-04
-2.634989457134355993e-04
2.598352505437910662e-03
-1.240563119497789133e-03
-1.422763913391169406e-03
-9.161245145583673741e-03
3.136695116117712775e-03
5.669813784880219955e-03
-2.938141979684827636e-03
1.038089339860394193e-02
-3.537289674667082502e-03
3.049612904724128236e-03
4.911304940527986239e-03
-4.129998249023253583e-03
-1.225612734001697802e-04
-6.570219437232966222e-05
-1.075944920805355261e-04
1.383415476880368759e-06
-1.883507257241924082e-04
7.794368055731084330e-04
-5.065882478173444267e-04
2.419451870233271112e-04
1.854774345026699274e-03
-1.593766631281043214e-03
8.563137352897623846e-04
-1.890192228882257288e-03
3.361424018918008255e-05
5.267427811319444660e-03
-5.366900846696049179e-03
-4.758551574706937175e-03
4.032088873611498975e-04
-3.528460466428327141e-03
-5.910305919136574389e-03
2.134247203497284268e-03
-1.805184683862099369e-03
-3.790092190041840668e-04
-1.766868534989887024e-03
-2.552782678916075236e-03
7.701371248703049082e-04
-1.506918501788137750e-02
-5.205604292783021312e-04
-5.397346841815588506e-03
2.108318856109838227e-02
1.072936181052593432e-02
-2.545392209607103429e-03
1.437724078350859774e-02
-2.093411789675828083e-02
2.156072654904938636e-03
-6.741225588152060903e-03
2.867886457213617360e-02
1.403341089432461573e-02
-7.783957400712917911e-03
2.028425093309157642e-02
-3.490775551859816306e-03
1.613643289989660865e-03
-1.097797894046382032e-03
4.454614097706961415e-03
1.974169296989283437e-03
-2.961458231456401934e-03
3.978697700599298850e-03
2.035939892747686171e-03
5.031957897432308251e-03
-1.157639364501690787e-03
-9.523056022317790640e-04
3.276625449108260587e-03
1.740602851004129309e-03
3.044884851919549534e-03
-4.922475856892591546e-03
-1.695480199988259429e-04
5.370130878402098540e-04
3.618744872843976043e-03
-1.228368401051772385e-03
-7.533268083446087145e-04
1.461088676938141536e-03
1.675470052803164703e-03
2.217380091454656914e-03
-3.781952284334347183e-03
2.291351694084887232e-04
-7.682511959463540459e-04
8.068719320722362535e-04
-4.454065421135838657e-04
-1.710409784151334335e-04
3.470342707201959603e-04
-2.969101865566048623e-05
-1.130219367947246038e-03
3.565896907752151156e-04
5.059675360742163378e-04
-6.576665942117974981e-04
1.810310279509618663e-04
1.400774176921712466e-01
3.442728167680829676e-01
1.151184689001545358e+00
1.817417294984009946e+00
2.182806313864322334e+00
6.281871403910701535e-01
-2.031758107300883631e-01
3.892068526171213461e-01
4.131628570622771224e-01
1.430903642584844052e-02
-1.009815343535019043e-04
2.283324937821749133e-05
1.240079187132047756e-04
-5.576672977225627208e-04
1.146610534105691994e-04
5.201974176219020330e-04
-4.266423499968993813e-04
9.322815100291673650e-05
6.295642922959755012e-04
-1.989576835214885812e-03
3.822952054666828368e-04
1.609723490708586148e-03
8.041201019990174004e-03
-1.581189454930661707e-03
-6.500277950916113698e-03
-3.451204196899184274e-04
-1.591616274006690454e-04
-9.041007458032049131e-04
7.217410745677098902e-04
-9.882635040174899289e-04
-1.587770500485686164e-03
-9.190777615417985308e-06
-1.818686825543893590e-05
1.014539346328492290e-04
-7.252571965359388112e-06
5.467702424108284690e-05
4.620946539441049463e-04
-4.706900036901376133e-04
8.069085956736411162e-04
1.885188088742184923e-03
-1.192318421983880501e-03
2.353027832006583577e-03
-1.532837673824263749e-03
1.315488966389021181e-03
5.237889429068673733e-03
-3.698892486835506435e-03
-3.311231223582364845e-03
1.407256005535895051e-03
-1.306855327254746084e-03
-5.553822914558176511e-03
3.720634436887714381e-03
-4.417981022631289282e-04
1.346797775151938731e-04
1.272445699258424850e-04
-1.015837978140386516e-03
1.309771019214076232e-03
1.547322093462028501e-02
1.696418420602650899e-03
6.902522557135623571e-03
-1.998744494974443592e-02
-1.123402533852369163e-02
3.507872470109184206e-03
-1.322269652442856387e-02
2.078709947604288205e-02
-5.679873068644326764e-04
8.614096701815308899e-03
-2.619773879519312135e-02
-1.429294126088151776e-02
8.909035268546186201e-03
-1.855746870204198415e-02
2.366601323154127016e-03
-1.071439153259542195e-03
9.485249660354943971e-04
-3.490058547551730395e-03
-1.805293647827725407e-03
3.007711798943928962e-03
-3.049097435113164861e-03
1.689302477300095445e-03
4.761858223373008348e-03
-1.557876399883360938e-03
-1.969953747377944670e-03
2.974006861846140420e-03
2.121748333751926393e-03
3.200842497018659052e-03
-4.483905053523576031e-03
1.048531311594524875e-04
4.556535896565907899e-04
2.924669549161360016e-03
-8.888222972398857492e-04
-1.377978749825457339e-03
1.137945258426621264e-03
1.821123405004833285e-03
2.248409694399666064e-03
-3.162825397170239590e-03
3.166166584449949038e-04
6.520059746515988923e-04
-9.018592229245254912e-04
4.749193092303602014e-04
1.813825721371987347e-04
-1.793390119421228127e-04
-5.861818638009940347e-05
1.010020180041010891e-03
-3.863990548475078270e-04
-5.755443450288521591e-04
6.245184388995999453e-04
-1.792741336701939101e-04
4.108259361689161476e-02
1.258457588619524836e-01
9.367778658100592293e-02
1.882361594036069050e-02
-2.984112977539182983e-03
1.559846817240127716e-03
-1.668571931015187457e-02
-3.895717559737993732e-03
1.809994080544673027e-03
-2.547655900926757214e-02
-8.326062550722587285e-04
4.887613592014336712e-04
-7.538097441436571872e-03
-1.866055165645736746e-04
-9.140211526850023326e-04
5.626363611042769011e-03
1.760893242098454051e-03
1.473761499505639081e-04
1.311143074779697537e-04
-4.672484147432969122e-04
5.432367096935348215e-03
1.231422235211315731e-03
-1.675525002312117703e-04
1.034654495796057751e-04
1.243981064295235166e-04
-7.826024136234461688e-06
-3.222295598678523768e-04
-9.424117728244486283e-05
1.399456150263745713e-04
7.818897195098878621e-05
3.344654696645064950e-04
-1.458305637307148479e-03
-7.024413022416511323e-04
-6.314659411300772202e-06
-1.092912067568402128e-04
-3.891217043252467021e-04
-2.239879987020569347e-04
-2.386312289213212161e-04
1.597294403642109996e-04
1.933423212743478844e-04
1.101136880553562421e-04
3.053841520143020950e-04
9.291773677402210033e-05
1.754578406608111023e-04
1.325409342759835104e-04
1.801335397743164893e-04
-5.268856159100179142e-04
-1.199377519830809751e-04
-5.455962254439897013e-05
-1.370252503197643031e-04
-2.565160217770967631e-05
4.110219721177271052e-02
1.291894718368880313e-01
8.551595588990934527e-02
1.759416030781986310e-03
5.163712835447221809e-03
-1.653348385544567076e-02
3.576967779714710239e-03
7.646324775511730704e-03
-2.342889567785037472e-02
4.612930791381471100e-03
-8.981604186593100799e-04
4.627249950978819075e-03
-1.215257685307101834e-03
-3.089061721777057110e-03
-2.030844638088738930e-03
-2.913511448143006784e-03
6.538147402461259644e-04
-4.442062099165203053e-03
-1.843829279558659379e-03
-9.484385605953369854e-04
-1.402076259520217963e-03
5.173535615639710157e-04
-2.130519178640513829e-03
1.459292524280279618e-03
1.349413912405359427e-03
1.481699057849968906e-03
-4.035143933520041258e-04
2.564219406373749715e-03
8.983377594188966114e-04
-4.091541496383073397e-04
7.406697050546981161e-04
-6.006865062191849665e-04
-2.892719597967128805e-04
-4.128189089576958580e-04
-1.009340781470460672e-03
-9.403746521494249630e-04
1.931476619919688775e-04
-6.700676054110677338e-04
8.015337181860620512e-04
4.280634100340311539e-04
3.909452020092460465e-04
9.689542235525173790e-04
-6.545958388612273379e-04
-1.456244810241702980e-04
-3.991279797816253954e-04
-4.243638325852046398e-04
-1.856389320404656809e-04
1.383828263824062889e-04
-2.556056686913894273e-04
9.566373914957262547e-05
-8.975735770414333876e-05
4.112643835568551010e-02
1.258593959982163557e-01
9.301743071737052226e-02
1.800059434851819171e-02
1.239858677254495126e-02
1.068459376747075799e-02
4.646126106633449021e-03
1.914955363916158448e-02
1.558544542020816326e-02
6.658315325108477185e-03
5.645055750049185472e-03
4.214960813116609868e-03
1.401957345183479789e-03
4.724867053538374037e-03
1.809980674506845005e-03
-2.289242084261949774e-03
2.019619804508703421e-03
6.506083725933437673e-04
4.327775750557796321e-03
1.107347925081653053e-03
-2.284608817235786026e-03
1.943864590773509765e-03
1.286105380641485406e-03
-2.546978154749861330e-05
-2.059352663804293784e-04
4.981635636220477226e-05
-1.179529454393638671e-04
1.246908246523474671e-04
9.682252197195993608e-04
6.671769785820715060e-04
-3.362180626062263541e-04
-6.745805236457434479e-04
-4.974740257430122423e-04
1.543035910638863146e-04
-6.297179027796955247e-04
-2.206588419038896554e-05
8.066629482407590890e-05
-1.621850473159956512e-04
3.546677492027391519e-04
2.081142622827528827e-04
2.382581440333618244e-04
2.751636937669065344e-04
-1.378371427525474692e-04
-5.314596541933860896e-05
2.425197743008061302e-04
1.834137656488319605e-04
-4.451720483937349145e-05
2.461597401854219327e-04
2.222572285297847057e-04
1.201467095003829220e-04
3.321081593480773890e-04
4.144241921769645925e-02
1.270018908980208583e-01
9.426781502718442618e-02
1.650128635425929594e-02
3.425782915032492531e-03
-2.359667152705643457e-03
1.683512626493327904e-02
4.639511208109742789e-03
-3.507492203528369146e-03
2.535449063103503708e-02
1.069814549915722862e-03
-1.150827212490220615e-03
6.656422267018836242e-03
-2.927775982465364354e-04
-1.372546864647096855e-03
5.556273140702745056e-03
1.971463858492050573e-03
1.642867504428618291e-04
-8.593090305397317900e-05
-1.235943249121737543e-03
5.011903292757912375e-03
1.552284755438588550e-03
-2.410058648512708945e-04
6.797434886877139258e-05
-1.949745498972029753e-05
-1.135006696635682444e-04
-2.760395368301141661e-04
-7.491744727094963498e-05
-8.456340922650856557e-05
-1.480251794492625037e-04
-4.783080943418545751e-04
1.292419752511830356e-03
7.304036005477643157e-04
1.995317070569296248e-05
7.357578434934321883e-05
2.692947678514427483e-04
1.323958120564306393e-04
5.271235276875540273e-05
-2.328040459762738431e-04
-1.004138706538814990e-04
-1.520075645049706104e-04
-2.502798169882657292e-04
8.542229344438677374e-05
1.373358230453568696e-04
1.101327556013445769e-04
1.890470449668501705e-04
-5.286031414192518454e-04
-1.267081989744752498e-04
-6.496039199145531501e-05
-9.070012458617321492e-05
-2.941743467627171862e-05
4.063931408414330620e-02
1.245266321642496954e-01
9.458938688412416029e-02
1.748327748741029114e-02
-4.179455005629177135e-03
1.570404909101416960e-02
-2.707912746626043362e-03
-7.060375926859985274e-03
2.499559495360707817e-02
-3.788677788675202246e-03
-2.786157566566561938e-03
6.529068742407128680e-03
-6.224909581690908752e-05
-2.444574874995682386e-03
-1.597703697399646293e-03
-2.668713577577566578e-03
4.077852546024264622e-04
-4.294390019541045357e-03
-2.802580931566531208e-03
-1.037136302642115929e-03
-2.764566058532656138e-03
5.181255811462727370e-04
-4.040623427534942476e-03
-3.485408326981909383e-04
6.044969906071583077e-04
1.657905933618347675e-05
-9.874359260323057903e-05
3.970111451590476619e-04
-9.439664180997828441e-04
2.616025041525566635e-04
-7.712070043892159778e-04
4.943487922734854552e-04
2.452335217267909216e-04
3.551372659131093470e-04
8.581266747499108555e-04
2.156499600042214302e-04
1.019110670058550548e-04
-1.053030134879002138e-04
-3.957792626219334433e-04
-1.134687874811789442e-04
-5.032535674001052813e-05
1.847603436981188474e-05
-3.825981669304724274e-04
-4.553182420416643873e-05
-2.638493334926113212e-04
-1.999267197635172435e-04
-9.679574840990933340e-05
2.751050306604404844e-05
-1.740008369701901228e-04
-2.673838245520167439e-05
-7.678963123097754884e-05
4.060550673771588098e-02
1.244651366412749260e-01
9.580018455830369151e-02
1.785116685556932536e-02
-1.201157175087861489e-02
-1.024207667386123691e-02
-4.515227064846416560e-03
-1.981432259392869669e-02
-1.644504738870012153e-02
-6.969035112513316532e-03
-5.444974289121197464e-03
-4.605241543976470141e-03
-1.522001106513861139e-03
4.657510414068024782e-03
1.784033386411982679e-03
-2.267793317844884245e-03
2.014310053595247656e-03
7.561374015883062707e-04
4.578711697653978924e-03
1.267270747122760605e-03
-2.383043607378886389e-03
2.004455947273925138e-03
9.651473849550371064e-04
-2.032428323907899657e-04
-2.414734619315209174e-04
5.033010919147230502e-05
-2.823022577682573228e-04
1.400187026385929285e-05
-1.001666892361765225e-03
-7.361729452735309978e-04
3.320731039314246138e-04
6.648028081134433860e-04
4.878911729155475572e-04
-1.768912814738839796e-04
6.569938389521624367e-04
1.619439644908953304e-04
4.505681459230853419e-05
2.303475589369116422e-04
-3.014976981687038566e-04
-1.520629260112359073e-04
-9.605025632656636714e-05
-1.646127473839928445e-04
-2.137127683659027126e-04
-1.304599074176710654e-04
1.805921765526611981e-04
1.562969169602901917e-04
-3.879848325863050388e-05
2.463680194095035827e-04
2.155482992031477487e-04
1.081933394386681445e-04
3.395128253938350243e-04
1.400083467787561486e-01
3.444745424925892974e-01
1.150950220455431827e+00
1.817921201824887589e+00
2.182438084596975969e+00
6.283445777507137286e-01
-2.037398465923020152e-01
3.883262979693558048e-01
4.196849667088318192e-01
2.336254633463226427e-02
-1.414608234382638277e-04
1.353884795232532943e-05
2.555499327525459732e-05
-8.616343462156037230e-04
-1.465852125775344802e-04
1.179986338419031217e-04
-6.862269968784837993e-04
6.112742329099777922e-05
1.221415244114316056e-04
-2.961362656820936117e-03
-6.988396047752548678e-04
4.518015301206599276e-04
1.087874312302089010e-02
2.114962055652916915e-03
-1.493118641089210240e-03
1.092291863114351483e-03
-1.614479069138635616e-03
-1.802418192949319575e-03
-2.142094857168675651e-03
-1.980620423316237742e-03
-1.722214062836726397e-03
1.189195180989028480e-05
-1.410651001323580144e-05
1.308262790986624050e-05
1.451526421066783227e-05
-9.483737937917145647e-05
-4.774601547857914696e-04
4.332853640311362046e-05
1.114966647029180238e-03
7.144551525848852813e-04
-2.115746044152244307e-03
-1.623834912760597354e-03
2.480411417215301606e-05
3.175412733514376695e-03
1.912984834227579546e-03
-6.419740501301052053e-03
1.919695902986999101e-03
7.838987359723771121e-04
-9.497562522714481483e-04
-2.714999856936408176e-03
7.506627404733034505e-03
8.817183402394224417e-04
5.832552580294860954e-04
-1.386035415058855863e-03
-7.288865076372616405e-04
1.265700364457854115e-03
-1.150442244366199109e-02
-1.250827132546080919e-04
-1.686665384289390279e-02
2.408396168847042832e-03
1.597865156446364593e-02
1.331644397796999564e-02
-1.257094180820975474e-02
-1.600015621875866892e-02
7.394279392808738574e-04
-1.985216603332166929e-02
1.130149924647296878e-03
2.356731179027319462e-02
1.847835410070270551e-02
-1.987194600554508667e-02
-1.661896759548470289e-03
5.381897430597630321e-04
-1.068842660660698210e-03
2.203213460063325504e-06
3.877147197927871200e-03
2.996801112859639061e-03
-3.938956353362384026e-03
1.054304286858864971e-04
-7.800629220358014284e-04
-6.010354628276040438e-03
2.608465263093819649e-03
4.523631034752089840e-04
3.260986449406737524e-03
-6.914155714794877755e-04
1.232440992158211719e-03
4.724100684516088951e-03
7.749293466840002399e-04
-3.835981159262735946e-04
-3.360957671268058420e-03
1.642999064022530572e-03
4.982139864535534536e-04
2.600886843932738099e-03
-1.077074730407992249e-03
4.042670669268034925e-04
3.291483264281016771e-03
-7.880096792930555046e-04
3.964243377847543074e-04
1.480152844458594021e-04
-3.754863137284594602e-05
-1.739281399984078918e-04
4.062517365982305957e-04
-5.615182015675960559e-04
-4.942829688316395563e-04
6.536145629596777423e-04
7.072557891620431716e-04
-8.956191243450259800e-04
1.401517698079501606e-01
3.440976791056303274e-01
1.151475038470596735e+00
1.816990493408111140e+00
2.183272562262381200e+00
6.277295101311883840e-01
-2.019290189937438251e-01
3.857775361560470406e-01
4.201032570890494422e-01
1.774458220713616419e-02
1.367090138156238244e-04
4.841400784064379140e-05
-2.980551789658281376e-05
8.250414622403598030e-04
3.016586197137096064e-04
-1.855585860361990617e-04
6.722438569800418288e-04
2.789561045273457806e-04
-1.742590238577145640e-04
2.618832779365816866e-03
1.008711135565292741e-03
-5.434716660776636342e-04
-1.060364604167257294e-02
-2.604198991981413087e-03
2.013248442084033477e-03
1.171408368140840163e-03
-4.412077456570899503e-03
6.085403644251995148e-04
-2.109854754197081994e-04
5.746039701111987572e-04
9.593091758502357265e-04
4.935939820407294590e-05
-1.084082935172326099e-04
-1.406807472002109534e-04
-1.044272204446007263e-05
-1.243841535219687993e-04
-4.075570706240690534e-04
-2.691392518148979260e-04
6.658122654166428751e-04
5.583950303265652025e-04
-2.428731206126885037e-03
-1.592112214856965463e-03
1.097610664452501215e-04
3.372591805244358042e-03
2.012102501428841578e-03
-6.388441862288781956e-03
2.475227106156389651e-03
-8.682262461631035100e-04
-4.378918491942104980e-03
-2.837690338360343133e-03
4.989125596190457750e-03
8.546477616318646098e-04
-1.754807419616476324e-04
-1.155513378199877822e-03
-5.025558556822423088e-04
1.281052138321945449e-03
1.167447149613959866e-02
-1.800897498238921779e-03
1.438150123437440843e-02
-4.787453916854511257e-03
-1.662285905493329080e-02
-1.524613592845469774e-02
1.095559997853362728e-02
1.636370181073726685e-02
-2.726337437762075405e-03
1.692537069649939149e-02
-3.688965018025023961e-03
-2.366897826652113179e-02
-2.023301065563012924e-02
1.842939426544324549e-02
2.893344705732973747e-03
-6.844621916796396564e-04
1.320670995393500614e-03
5.971043996223715381e-04
-3.289985907369950922e-03
-2.349864251491724700e-03
4.199050002092584097e-03
7.884787726595519084e-04
4.851866201948523016e-05
-5.028519021348020097e-03
2.756767409379304139e-03
4.308125744188007005e-04
3.797032795142872650e-03
-4.446313026085943975e-04
1.589154037056720713e-03
5.067937100662428702e-03
8.409577971075388615e-04
-2.654368845669672250e-04
-3.149747605815733133e-03
1.575105708719818764e-03
6.859953425374285506e-04
2.543192174140762249e-03
-9.340424944820596275e-04
2.923789587635309000e-04
3.745020831697866339e-03
8.286023452335854319e-04
-4.438455200245996113e-04
-1.979066045019976111e-04
7.203427936637757411e-05
5.541383845806984631e-05
-4.120545200011310988e-04
5.964584850594732875e-04
7.570222651901790511e-04
-7.571483780595861550e-04
-5.045346562282814092e-04
7.441257999839010579e-04
4.119456562357291102e-02
1.264975606072124559e-01
9.441529797913257582e-02
1.674068479165414722e-02
-3.074539216212379428e-03
-1.657288940771324895e-02
3.328134181452729965e-03
-4.714716415618356443e-03
-2.500939871270315210e-02
5.128850809682432982e-03
-2.237101885459478762e-03
-5.780798944514595195e-03
2.605723352703664779e-03
1.762755682271117822e-03
-1.927242406804832676e-03
-2.728915312653858692e-03
-3.835199305845395199e-04
-4.783473313480690950e-03
1.908015888360772632e-03
-1.897525171449258603e-03
-2.022752629846756838e-03
-2.686596217028039066e-04
-3.902066335874799369e-03
4.324321027237485707e-04
-3.545237060100484179e-04
4.707336298567836260e-04
-2.104408590276719100e-04
5.638505891528684897e-04
1.047196016273177922e-03
1.487572180472053582e-04
7.923313447503100735e-04
-3.567607359231711093e-04
-1.770526648949010767e-06
-5.581939431909039738e-04
6.073044375074156294e-04
-2.447751318147203532e-04
-4.213795858301708275e-06
-5.362812562286930996e-04
-1.253555445575450344e-05
3.170430155619519889e-04
1.070789527845052576e-04
-3.236395023065075820e-05
3.404666435792978621e-04
-1.675303168850734829e-04
-1.798237265743528367e-05
-2.839520094939705186e-04
-2.372929795492373817e-04
-5.509087214376976995e-05
-3.013633980897248345e-04
-2.063141120945147450e-04
-1.160884069061825263e-04
4.111761354090647663e-02
1.265367704889150124e-01
9.209290675751220789e-02
1.782985548211716773e-02
-8.750256871893550073e-03
4.746561672263692466e-03
-1.405194241802777862e-02
-1.345001300841367972e-02
6.790280566882226157e-03
-2.048513643561327216e-02
-3.449031329059056451e-03
4.184201859263241095e-04
-5.344467561176074674e-03
-1.506488550102054241e-03
-2.397957060366627969e-03
2.919334543905825752e-03
4.285823711372543574e-03
8.886313563545876265e-04
-1.241079562801561181e-03
-1.576171151861516543e-03
2.563410173680391591e-03
4.151805648444487074e-03
1.105607195280243352e-03
2.192304675986181102e-04
5.834261836773446631e-04
-1.905822785758619353e-04
-2.424174428343751876e-04
1.611171676740133550e-04
2.615579300927542146e-04
6.226470163273362286e-04
6.201340528879703117e-04
-2.085830133058133790e-04
-1.174375698187937224e-03
-4.938200672352695015e-04
1.221385575375129448e-04
-1.296921673533577252e-04
4.477886498843920991e-05
-3.983536163373943150e-04
1.285374644844604861e-05
1.012729764231555616e-04
1.439359280464086932e-04
-2.038989036829749865e-04
9.688643935473985260e-05
2.362121516871995249e-04
2.388811074117719194e-04
2.614890712854560568e-04
1.822523616095969373e-04
-1.829165507793187274e-04
-2.944189883477991770e-04
-1.526185655451135152e-04
4.278492449833281008e-05
4.119810710101078077e-02
1.274021402994620078e-01
8.957421259705224126e-02
1.493857935784928363e-02
-5.180964952570086754e-03
9.414888281285248295e-03
1.360888454302082266e-02
-8.102134767331119203e-03
1.374674508985553913e-02
1.922473043726409189e-02
-1.488219248121339057e-03
1.572905656160545696e-03
3.873666785803232381e-03
-1.822792699998360220e-03
4.469032767236654803e-03
2.307586275981571722e-03
-2.458956306248337442e-03
-1.230783732233204459e-03
-1.427279408850695968e-03
3.398168943721765686e-03
2.458275437305106840e-03
-2.362450266320719697e-03
-5.157935182516515133e-04
1.792604982759211287e-05
-9.940444485165332925e-04
-2.210745927975845977e-04
6.063806353260185245e-05
-1.206516628812335541e-04
-3.711110533601278446e-05
-7.192291559519199380e-04
1.000791961269030311e-03
4.100744282111551240e-05
-5.766452362821261135e-04
-4.468936911691487887e-04
4.571603782463499522e-04
-1.416758855938790335e-04
-1.630462988126278096e-05
-2.927290885568718868e-04
2.686617759294571421e-04
-1.290476922589558165e-05
1.449743445439578154e-04
-2.791158766600409743e-04
3.168174155254579267e-05
-1.313209072747493166e-04
3.294960411146334307e-04
-1.527881362138376554e-04
3.336951343013148160e-04
1.109321272579327354e-04
2.126707390739224592e-04
-2.041747786685505644e-04
2.451422984752139509e-04
4.139052880746290491e-02
1.277336056613943005e-01
9.062272910513818891e-02
1.533761041637392818e-02
2.031334366542772787e-03
1.690141521653236445e-02
-4.348014867203240513e-03
3.461480693183038165e-03
2.397257060224635208e-02
-6.159905688205254311e-03
1.440330494609360062e-03
4.167834154208523156e-03
-5.079162092614654357e-04
1.107990477599194671e-03
-2.526059248143727124e-03
-2.540893164224406441e-03
-3.060089299680720880e-04
-4.802242940977176355e-03
1.613160074329504125e-03
-1.850453106576135454e-03
-1.760945090921443639e-03
-3.589874000356387397e-04
-3.808384125953600575e-03
1.036058041118371694e-04
6.968858241050412137e-04
2.417437828407812328e-04
-1.990160945794438251e-04
8.745616853118568955e-04
-1.042875609091977341e-03
-1.202547057888069736e-04
-6.289073659552314515e-04
4.949836041194829008e-04
2.613335391704221016e-05
7.538358247056241128e-04
-4.609866517737449274e-04
2.035844282558616619e-04
-1.062596587705905008e-04
3.282888936767512926e-04
-2.527646440370839658e-04
-2.615754090910688565e-04
-4.657664066961208441e-04
8.738412951072442624e-05
2.722741697496393960e-04
-2.543180062009945926e-04
-2.880844147904314487e-05
-3.894419320292318693e-04
-1.813470770312017538e-04
-2.491331887238494835e-05
-1.852738218037533165e-04
-1.174115173409247834e-04
-1.391552562209965324e-04
4.060514943446068281e-02
1.243189881054703044e-01
9.544468065293060244e-02
1.794883858093200904e-02
8.287436680294184288e-03
-2.887085664104611753e-03
1.395523583116865113e-02
1.371737054701721754e-02
-4.538228654895514608e-03
2.216355950699591335e-02
4.091550558707228273e-03
-1.476373140071023148e-03
5.891238453916753173e-03
-8.811084647256934958e-04
-1.530059635887491814e-03
3.403432105784340127e-03
4.354220281195627339e-03
1.148946433711097066e-03
-9.918696946665257318e-04
-1.311503057717002506e-03
2.895244588053437484e-03
4.488403501919208637e-03
1.111828836151663568e-03
6.611775179714460238e-06
-9.175179432468882478e-06
-4.459273975187769438e-04
-1.560297113633112400e-04
4.874900461976243492e-05
-2.038155562910163026e-04
-4.221889346279200238e-04
-4.714403791076902809e-04
4.053260386257701866e-04
1.368478587022366709e-03
6.421981283415534964e-04
-2.285684310450779449e-05
1.375445827678043332e-04
-1.086395037711866191e-04
2.806136585428034916e-04
-1.754438680369790817e-04
-1.308885651501069810e-04
-2.398343230965021839e-04
1.583145814902287734e-04
5.726685423561919528e-05
1.890559678746233144e-04
1.366471406868083349e-04
2.562423633174155989e-04
9.853284314261072645e-05
-2.112477674917308051e-04
-3.863010830755218036e-04
-1.475569501554174474e-04
1.861025191910850165e-06
4.058099857031156887e-02
1.242817294418412516e-01
9.465410418443033491e-02
1.702334058526758925e-02
5.107992185422261314e-03
-9.373807074283039414e-03
-1.256823802434396502e-02
8.463939555933431419e-03
-1.460522602216860442e-02
-2.020894733103208857e-02
2.959329680825224882e-03
-3.458992819305085724e-03
-5.638685137561071092e-03
-1.773899541952589582e-03
4.452379820373859355e-03
2.150006492374248023e-03
-2.449540510585094220e-03
-1.163988537032728966e-03
-2.039369924435609303e-03
3.933828991693693634e-03
2.324368891670152044e-03
-2.530046884915588493e-03
-9.299146761328902369e-04
5.044445825223772421e-05
-3.616782840300933788e-04
-9.979154346216473630e-05
-2.898734575602187800e-04
3.126616265275404538e-04
-6.447332624764526364e-05
7.892432962316121760e-04
-1.077293911865975741e-03
3.561092802478373488e-05
6.769162740055440115e-04
6.346058748867825948e-04
-4.709462418755550940e-04
1.805022792582634057e-04
1.805706912419161243e-04
1.929673731372162453e-04
-2.129001781009184783e-04
-2.029552596588339824e-04
-3.142067916900688419e-04
1.375796410838709175e-04
-2.232747087919467022e-05
-9.894203335246400859e-05
2.999881010409521367e-04
-1.015175510693760687e-04
3.351043342968212588e-04
2.191255854637932227e-04
1.797224165237949994e-04
-1.489597088107531147e-04
1.322588309242947360e-04
